SEASON_ID,TEAM_ID,TEAM_ABBREVIATION,TEAM_NAME,GAME_ID,GAME_DATE,MATCHUP,WL,MIN,PTS,FGM,FGA,FG_PCT,FG3M,FG3A,FG3_PCT,FTM,FTA,FT_PCT,OREB,DREB,REB,AST,STL,BLK,TOV,PF,PLUS_MINUS,SEASON,SEASON_TYPE
22015,1610612756,PHX,Phoenix Suns,21500014,10/28/2015,PHX vs. DAL,L,238,95,34,87,0.391,6,24,0.25,21,33,0.636,13,40,53,15,3,3,18,30,-16,2015-16,Regular Season
22015,1610612756,PHX,Phoenix Suns,21500032,10/30/2015,PHX vs. POR,W,240,110,37,83,0.446,4,18,0.222,32,42,0.762,11,44,55,17,13,7,19,17,18,2015-16,Regular Season
22015,1610612756,PHX,Phoenix Suns,21500037,10/31/2015,PHX @ POR,W,240,101,39,94,0.415,11,32,0.344,12,16,0.75,11,37,48,16,11,6,13,20,11,2015-16,Regular Season
22015,1610612756,PHX,Phoenix Suns,21500052,11/2/2015,PHX @ LAC,L,241,96,36,98,0.367,9,30,0.3,15,21,0.714,16,39,55,23,8,1,9,20,-6,2015-16,Regular Season
22015,1610612756,PHX,Phoenix Suns,21500067,11/4/2015,PHX vs. SAC,W,242,118,45,83,0.542,14,23,0.609,14,22,0.636,9,32,41,27,14,4,18,11,21,2015-16,Regular Season
22015,1610612756,PHX,Phoenix Suns,21500082,11/6/2015,PHX vs. DET,L,240,92,37,92,0.402,10,30,0.333,8,13,0.615,11,35,46,14,8,3,16,29,-8,2015-16,Regular Season
22015,1610612756,PHX,Phoenix Suns,21500097,11/8/2015,PHX @ OKC,L,239,103,38,84,0.452,7,16,0.438,20,26,0.769,7,26,33,18,7,1,23,25,-21,2015-16,Regular Season
22015,1610612756,PHX,Phoenix Suns,21500126,11/12/2015,PHX vs. LAC,W,238,118,44,83,0.53,14,30,0.467,16,21,0.762,9,37,46,22,10,3,19,23,14,2015-16,Regular Season
22015,1610612756,PHX,Phoenix Suns,21500143,11/14/2015,PHX vs. DEN,W,239,105,37,84,0.44,11,24,0.458,20,26,0.769,10,47,57,19,4,1,20,13,24,2015-16,Regular Season
22015,1610612756,PHX,Phoenix Suns,21500157,11/16/2015,PHX vs. LAL,W,240,120,45,93,0.484,11,30,0.367,19,25,0.76,18,32,50,23,13,6,10,16,19,2015-16,Regular Season
22015,1610612756,PHX,Phoenix Suns,21500174,11/18/2015,PHX vs. CHI,L,240,97,37,91,0.407,8,27,0.296,15,21,0.714,14,29,43,16,12,4,12,14,-6,2015-16,Regular Season
22015,1610612756,PHX,Phoenix Suns,21500185,11/20/2015,PHX @ DEN,W,239,114,40,79,0.506,15,27,0.556,19,25,0.76,10,32,42,22,7,7,19,26,7,2015-16,Regular Season
22015,1610612756,PHX,Phoenix Suns,21500198,11/22/2015,PHX @ NOP,L,239,116,35,90,0.389,17,36,0.472,29,33,0.879,11,35,46,17,6,4,15,29,-6,2015-16,Regular Season
22015,1610612756,PHX,Phoenix Suns,21500207,11/23/2015,PHX @ SAS,L,239,84,34,73,0.466,7,19,0.368,9,10,0.9,9,28,37,23,13,3,28,17,-14,2015-16,Regular Season
22015,1610612756,PHX,Phoenix Suns,21500225,11/25/2015,PHX vs. NOP,L,239,114,44,96,0.458,10,26,0.385,16,20,0.8,11,33,44,25,8,5,10,26,-6,2015-16,Regular Season
22015,1610612756,PHX,Phoenix Suns,21500236,11/27/2015,PHX vs. GSW,L,240,116,45,92,0.489,10,26,0.385,16,23,0.696,7,23,30,21,13,2,14,26,-19,2015-16,Regular Season
22015,1610612756,PHX,Phoenix Suns,21500250,11/29/2015,PHX @ TOR,W,241,107,40,94,0.426,11,27,0.407,16,20,0.8,13,37,50,24,4,9,9,15,5,2015-16,Regular Season
22015,1610612756,PHX,Phoenix Suns,21500264,12/1/2015,PHX @ BKN,L,241,91,33,75,0.44,10,28,0.357,15,22,0.682,4,35,39,20,9,3,16,13,-3,2015-16,Regular Season
22015,1610612756,PHX,Phoenix Suns,21500270,12/2/2015,PHX @ DET,L,266,122,47,97,0.485,14,33,0.424,14,15,0.933,10,26,36,28,7,3,15,33,-5,2015-16,Regular Season
22015,1610612756,PHX,Phoenix Suns,21500284,12/4/2015,PHX @ WAS,L,240,106,43,84,0.512,10,23,0.435,10,16,0.625,12,23,35,21,8,4,20,23,-3,2015-16,Regular Season
22015,1610612756,PHX,Phoenix Suns,21500299,12/6/2015,PHX @ MEM,L,239,93,36,82,0.439,9,31,0.29,12,17,0.706,11,36,47,20,8,5,18,24,-2,2015-16,Regular Season
22015,1610612756,PHX,Phoenix Suns,21500309,12/7/2015,PHX @ CHI,W,240,103,41,92,0.446,7,17,0.412,14,17,0.824,10,30,40,18,12,4,18,17,2,2015-16,Regular Season
22015,1610612756,PHX,Phoenix Suns,21500326,12/9/2015,PHX vs. ORL,W,240,107,41,80,0.513,6,24,0.25,19,27,0.704,11,33,44,23,9,6,18,16,3,2015-16,Regular Season
22015,1610612756,PHX,Phoenix Suns,21500343,12/11/2015,PHX vs. POR,L,240,96,36,83,0.434,13,35,0.371,11,18,0.611,8,32,40,21,8,7,9,9,-10,2015-16,Regular Season
22015,1610612756,PHX,Phoenix Suns,21500353,12/13/2015,PHX vs. MIN,W,240,108,39,87,0.448,10,30,0.333,20,24,0.833,12,26,38,28,16,8,14,26,7,2015-16,Regular Season
22015,1610612756,PHX,Phoenix Suns,21500363,12/14/2015,PHX @ DAL,L,240,94,33,80,0.413,9,25,0.36,19,27,0.704,12,35,47,19,9,5,16,23,-10,2015-16,Regular Season
22015,1610612756,PHX,Phoenix Suns,21500381,12/16/2015,PHX @ GSW,L,239,103,41,91,0.451,5,22,0.227,16,18,0.889,7,34,41,28,11,4,20,20,-25,2015-16,Regular Season
22015,1610612756,PHX,Phoenix Suns,21500396,12/18/2015,PHX vs. NOP,W,241,104,44,84,0.524,6,16,0.375,10,17,0.588,12,33,45,22,10,2,19,27,16,2015-16,Regular Season
22015,1610612756,PHX,Phoenix Suns,21500406,12/20/2015,PHX vs. MIL,L,241,95,33,74,0.446,8,18,0.444,21,24,0.875,6,33,39,18,8,2,20,22,-6,2015-16,Regular Season
22015,1610612756,PHX,Phoenix Suns,21500417,12/21/2015,PHX @ UTA,L,240,89,31,79,0.392,7,24,0.292,20,22,0.909,9,31,40,12,3,0,13,26,-21,2015-16,Regular Season
22015,1610612756,PHX,Phoenix Suns,21500433,12/23/2015,PHX vs. DEN,L,241,96,36,87,0.414,13,25,0.52,11,17,0.647,12,34,46,21,9,2,16,19,-8,2015-16,Regular Season
22015,1610612756,PHX,Phoenix Suns,21500451,12/26/2015,PHX vs. PHI,L,240,104,34,88,0.386,10,27,0.37,26,34,0.765,12,29,41,17,10,3,14,26,-7,2015-16,Regular Season
22015,1610612756,PHX,Phoenix Suns,21500466,12/28/2015,PHX vs. CLE,L,240,97,36,79,0.456,11,25,0.44,14,20,0.7,14,30,44,20,8,1,16,23,-4,2015-16,Regular Season
22015,1610612756,PHX,Phoenix Suns,21500481,12/30/2015,PHX @ SAS,L,241,79,32,81,0.395,5,18,0.278,10,18,0.556,8,28,36,18,6,3,15,23,-33,2015-16,Regular Season
22015,1610612756,PHX,Phoenix Suns,21500488,12/31/2015,PHX @ OKC,L,241,106,43,82,0.524,8,20,0.4,12,13,0.923,11,26,37,24,10,3,16,24,-4,2015-16,Regular Season
22015,1610612756,PHX,Phoenix Suns,21500496,1/2/2016,PHX @ SAC,L,238,119,43,83,0.518,10,29,0.345,23,28,0.821,4,21,25,27,9,7,16,28,-23,2015-16,Regular Season
22015,1610612756,PHX,Phoenix Suns,21500510,1/3/2016,PHX @ LAL,L,239,77,32,89,0.36,6,27,0.222,7,9,0.778,9,36,45,16,8,4,14,20,-20,2015-16,Regular Season
22015,1610612756,PHX,Phoenix Suns,21500533,1/6/2016,PHX vs. CHA,W,240,111,41,84,0.488,19,33,0.576,10,13,0.769,2,37,39,25,11,2,12,21,9,2015-16,Regular Season
22015,1610612756,PHX,Phoenix Suns,21500547,1/8/2016,PHX vs. MIA,L,239,95,40,92,0.435,6,24,0.25,9,13,0.692,15,31,46,15,5,4,14,22,-8,2015-16,Regular Season
22015,1610612756,PHX,Phoenix Suns,21500569,1/12/2016,PHX @ IND,L,240,97,36,89,0.404,8,25,0.32,17,27,0.63,16,29,45,24,6,3,18,25,-19,2015-16,Regular Season
22015,1610612756,PHX,Phoenix Suns,21500595,1/15/2016,PHX @ BOS,L,240,103,35,89,0.393,10,27,0.37,23,28,0.821,9,36,45,24,9,5,14,22,-14,2015-16,Regular Season
22015,1610612756,PHX,Phoenix Suns,21500610,1/17/2016,PHX @ MIN,L,240,87,35,81,0.432,3,15,0.2,14,25,0.56,9,21,30,16,5,2,15,29,-30,2015-16,Regular Season
22015,1610612756,PHX,Phoenix Suns,21500628,1/19/2016,PHX vs. IND,L,241,94,28,81,0.346,11,35,0.314,27,29,0.931,13,40,53,15,4,2,22,23,-3,2015-16,Regular Season
22015,1610612756,PHX,Phoenix Suns,21500644,1/21/2016,PHX vs. SAS,L,240,89,32,81,0.395,6,18,0.333,19,23,0.826,9,34,43,18,3,4,13,26,-28,2015-16,Regular Season
22015,1610612756,PHX,Phoenix Suns,21500660,1/23/2016,PHX vs. ATL,W,240,98,34,85,0.4,10,24,0.417,20,26,0.769,15,37,52,22,10,6,17,17,3,2015-16,Regular Season
22015,1610612756,PHX,Phoenix Suns,21500677,1/26/2016,PHX @ PHI,L,239,103,39,83,0.47,6,19,0.316,19,28,0.679,10,35,45,27,6,6,17,30,-10,2015-16,Regular Season
22015,1610612756,PHX,Phoenix Suns,21500684,1/27/2016,PHX @ CLE,L,240,93,33,70,0.471,8,20,0.4,19,25,0.76,12,22,34,25,6,2,22,17,-22,2015-16,Regular Season
22015,1610612756,PHX,Phoenix Suns,21500700,1/29/2016,PHX @ NYK,L,241,84,35,85,0.412,7,26,0.269,7,12,0.583,12,35,47,20,4,5,16,19,-18,2015-16,Regular Season
22015,1610612756,PHX,Phoenix Suns,21500717,1/31/2016,PHX @ DAL,L,240,78,27,74,0.365,5,23,0.217,19,24,0.792,11,33,44,13,7,6,19,20,-13,2015-16,Regular Season
22015,1610612756,PHX,Phoenix Suns,21500732,2/2/2016,PHX vs. TOR,L,238,97,37,79,0.468,12,31,0.387,11,15,0.733,8,30,38,23,5,4,16,26,-7,2015-16,Regular Season
22015,1610612756,PHX,Phoenix Suns,21500749,2/4/2016,PHX vs. HOU,L,239,105,32,83,0.386,11,29,0.379,30,32,0.938,18,36,54,22,9,1,24,26,-6,2015-16,Regular Season
22015,1610612756,PHX,Phoenix Suns,21500768,2/6/2016,PHX vs. UTA,L,240,89,30,80,0.375,9,24,0.375,20,26,0.769,12,27,39,19,3,6,10,23,-9,2015-16,Regular Season
22015,1610612756,PHX,Phoenix Suns,21500783,2/8/2016,PHX vs. OKC,L,240,106,37,73,0.507,1,11,0.091,31,39,0.795,9,27,36,22,9,4,17,30,-16,2015-16,Regular Season
22015,1610612756,PHX,Phoenix Suns,21500799,2/10/2016,PHX vs. GSW,L,241,104,41,93,0.441,6,21,0.286,16,22,0.727,10,40,50,21,7,6,18,23,-8,2015-16,Regular Season
22015,1610612756,PHX,Phoenix Suns,21500814,2/19/2016,PHX vs. HOU,L,241,100,30,82,0.366,11,35,0.314,29,35,0.829,9,31,40,23,7,6,20,33,-16,2015-16,Regular Season
22015,1610612756,PHX,Phoenix Suns,21500826,2/21/2016,PHX vs. SAS,L,239,111,43,93,0.462,9,24,0.375,16,22,0.727,13,33,46,26,6,5,13,30,-7,2015-16,Regular Season
22015,1610612756,PHX,Phoenix Suns,21500839,2/22/2016,PHX @ LAC,L,241,84,31,88,0.352,7,24,0.292,15,20,0.75,10,31,41,20,8,2,16,27,-40,2015-16,Regular Season
22015,1610612756,PHX,Phoenix Suns,21500858,2/25/2016,PHX vs. BKN,L,240,106,42,98,0.429,9,27,0.333,13,23,0.565,21,29,50,16,10,4,20,29,-10,2015-16,Regular Season
22015,1610612756,PHX,Phoenix Suns,21500875,2/27/2016,PHX vs. MEM,W,240,111,37,80,0.463,12,32,0.375,25,35,0.714,16,40,56,19,4,3,18,28,5,2015-16,Regular Season
22015,1610612756,PHX,Phoenix Suns,21500891,3/1/2016,PHX @ CHA,L,239,92,33,91,0.363,6,27,0.222,20,27,0.741,13,29,42,14,5,2,11,22,-34,2015-16,Regular Season
22015,1610612756,PHX,Phoenix Suns,21500908,3/3/2016,PHX @ MIA,L,239,92,33,82,0.402,5,22,0.227,21,27,0.778,6,32,38,12,7,2,9,24,-16,2015-16,Regular Season
22015,1610612756,PHX,Phoenix Suns,21500913,3/4/2016,PHX @ ORL,W,241,102,35,78,0.449,5,14,0.357,27,39,0.692,8,49,57,18,8,5,18,16,18,2015-16,Regular Season
22015,1610612756,PHX,Phoenix Suns,21500932,3/6/2016,PHX @ MEM,W,242,109,37,71,0.521,12,28,0.429,23,30,0.767,10,37,47,24,3,3,15,23,9,2015-16,Regular Season
22015,1610612756,PHX,Phoenix Suns,21500956,3/9/2016,PHX vs. NYK,L,241,97,39,89,0.438,9,29,0.31,10,15,0.667,10,28,38,16,6,0,11,21,-31,2015-16,Regular Season
22015,1610612756,PHX,Phoenix Suns,21500961,3/10/2016,PHX @ DEN,L,241,98,33,89,0.371,6,28,0.214,26,33,0.788,16,36,52,19,4,4,14,18,-18,2015-16,Regular Season
22015,1610612756,PHX,Phoenix Suns,21500981,3/12/2016,PHX @ GSW,L,238,116,45,92,0.489,11,29,0.379,15,20,0.75,9,38,47,29,3,3,12,30,-7,2015-16,Regular Season
22015,1610612756,PHX,Phoenix Suns,21500995,3/14/2016,PHX vs. MIN,W,241,107,40,95,0.421,11,35,0.314,16,20,0.8,19,38,57,22,8,3,23,26,3,2015-16,Regular Season
22015,1610612756,PHX,Phoenix Suns,21501019,3/17/2016,PHX @ UTA,L,239,69,28,82,0.341,6,26,0.231,7,14,0.5,10,33,43,14,9,1,21,16,-34,2015-16,Regular Season
22015,1610612756,PHX,Phoenix Suns,21501027,3/18/2016,PHX @ LAL,W,240,95,32,89,0.36,8,30,0.267,23,26,0.885,17,40,57,19,5,6,11,21,5,2015-16,Regular Season
22015,1610612756,PHX,Phoenix Suns,21501051,3/21/2016,PHX vs. MEM,L,239,97,30,76,0.395,11,28,0.393,26,34,0.765,9,36,45,22,8,10,17,18,-6,2015-16,Regular Season
22015,1610612756,PHX,Phoenix Suns,21501065,3/23/2016,PHX vs. LAL,W,240,119,47,93,0.505,13,28,0.464,12,20,0.6,15,37,52,31,6,4,13,21,12,2015-16,Regular Season
22015,1610612756,PHX,Phoenix Suns,21501079,3/25/2016,PHX @ SAC,L,238,94,35,94,0.372,9,32,0.281,15,23,0.652,18,39,57,20,4,2,22,27,-22,2015-16,Regular Season
22015,1610612756,PHX,Phoenix Suns,21501090,3/26/2016,PHX vs. BOS,L,240,99,37,85,0.435,7,31,0.226,18,21,0.857,12,32,44,19,7,3,20,24,-3,2015-16,Regular Season
22015,1610612756,PHX,Phoenix Suns,21501101,3/28/2016,PHX @ MIN,L,240,116,41,84,0.488,15,33,0.455,19,23,0.826,7,29,36,22,9,2,21,34,-5,2015-16,Regular Season
22015,1610612756,PHX,Phoenix Suns,21501115,3/30/2016,PHX @ MIL,L,240,94,38,84,0.452,5,24,0.208,13,17,0.765,15,34,49,23,6,4,22,23,-11,2015-16,Regular Season
22015,1610612756,PHX,Phoenix Suns,21501137,4/1/2016,PHX vs. WAS,L,241,99,36,93,0.387,7,23,0.304,20,26,0.769,17,39,56,19,5,3,16,22,-7,2015-16,Regular Season
22015,1610612756,PHX,Phoenix Suns,21501149,4/3/2016,PHX vs. UTA,L,239,86,33,78,0.423,8,27,0.296,12,19,0.632,12,33,45,16,5,1,21,19,-15,2015-16,Regular Season
22015,1610612756,PHX,Phoenix Suns,21501157,4/5/2016,PHX @ ATL,L,242,90,30,81,0.37,12,31,0.387,18,30,0.6,11,40,51,19,13,4,24,19,-13,2015-16,Regular Season
22015,1610612756,PHX,Phoenix Suns,21501175,4/7/2016,PHX @ HOU,W,240,124,44,94,0.468,12,31,0.387,24,29,0.828,20,27,47,31,11,2,19,24,9,2015-16,Regular Season
22015,1610612756,PHX,Phoenix Suns,21501189,4/9/2016,PHX @ NOP,W,239,121,43,83,0.518,10,25,0.4,25,31,0.806,11,42,53,27,6,8,17,25,21,2015-16,Regular Season
22015,1610612756,PHX,Phoenix Suns,21501211,4/11/2016,PHX vs. SAC,L,239,101,41,100,0.41,5,22,0.227,14,17,0.824,17,34,51,21,8,3,19,25,-4,2015-16,Regular Season
22015,1610612756,PHX,Phoenix Suns,21501229,4/13/2016,PHX vs. LAC,W,240,114,45,99,0.455,7,26,0.269,17,22,0.773,18,40,58,26,10,5,16,15,9,2015-16,Regular Season
22016,1610612756,PHX,Phoenix Suns,21600012,10/26/2016,PHX vs. SAC,L,240,94,36,77,0.468,4,16,0.25,18,27,0.667,10,31,41,20,6,3,18,29,-19,2016-17,Regular Season
22016,1610612756,PHX,Phoenix Suns,21600021,10/28/2016,PHX @ OKC,L,264,110,42,94,0.447,5,28,0.179,21,32,0.656,7,37,44,15,11,3,15,29,-3,2016-17,Regular Season
22016,1610612756,PHX,Phoenix Suns,21600036,10/30/2016,PHX vs. GSW,L,240,100,37,90,0.411,8,23,0.348,18,25,0.72,11,39,50,19,10,6,11,26,-6,2016-17,Regular Season
22016,1610612756,PHX,Phoenix Suns,21600045,10/31/2016,PHX @ LAC,L,241,98,35,84,0.417,5,15,0.333,23,31,0.742,10,34,44,19,11,0,20,33,-18,2016-17,Regular Season
22016,1610612756,PHX,Phoenix Suns,21600063,11/2/2016,PHX vs. POR,W,266,118,44,103,0.427,5,16,0.313,25,30,0.833,14,45,59,15,10,5,12,20,3,2016-17,Regular Season
22016,1610612756,PHX,Phoenix Suns,21600075,11/4/2016,PHX @ NOP,W,265,112,40,93,0.43,8,24,0.333,24,28,0.857,12,47,59,18,7,2,15,27,1,2016-17,Regular Season
22016,1610612756,PHX,Phoenix Suns,21600092,11/6/2016,PHX @ LAL,L,239,108,40,91,0.44,6,20,0.3,22,28,0.786,11,29,40,20,8,2,17,30,-11,2016-17,Regular Season
22016,1610612756,PHX,Phoenix Suns,21600103,11/8/2016,PHX @ POR,L,239,121,43,86,0.5,7,21,0.333,28,33,0.848,15,26,41,18,10,2,16,27,-3,2016-17,Regular Season
22016,1610612756,PHX,Phoenix Suns,21600113,11/9/2016,PHX vs. DET,W,240,107,38,84,0.452,8,22,0.364,23,30,0.767,10,39,49,20,7,6,17,20,7,2016-17,Regular Season
22016,1610612756,PHX,Phoenix Suns,21600139,11/12/2016,PHX vs. BKN,L,241,104,40,107,0.374,8,33,0.242,16,21,0.762,17,38,55,23,9,3,12,20,-18,2016-17,Regular Season
22016,1610612756,PHX,Phoenix Suns,21600143,11/13/2016,PHX @ GSW,L,239,120,46,90,0.511,8,24,0.333,20,26,0.769,8,30,38,27,10,3,13,29,-13,2016-17,Regular Season
22016,1610612756,PHX,Phoenix Suns,21600166,11/16/2016,PHX @ DEN,L,239,104,39,79,0.494,8,20,0.4,18,29,0.621,7,28,35,14,8,4,16,29,-16,2016-17,Regular Season
22016,1610612756,PHX,Phoenix Suns,21600176,11/18/2016,PHX @ IND,W,240,116,46,97,0.474,9,26,0.346,15,18,0.833,18,28,46,21,14,7,11,28,20,2016-17,Regular Season
22016,1610612756,PHX,Phoenix Suns,21600189,11/19/2016,PHX @ PHI,L,242,105,39,92,0.424,6,21,0.286,21,34,0.618,12,32,44,18,11,7,15,19,-15,2016-17,Regular Season
22016,1610612756,PHX,Phoenix Suns,21600200,11/21/2016,PHX @ WAS,L,240,101,39,91,0.429,11,27,0.407,12,15,0.8,13,39,52,22,3,7,21,24,-5,2016-17,Regular Season
22016,1610612756,PHX,Phoenix Suns,21600214,11/23/2016,PHX @ ORL,W,241,92,33,73,0.452,9,22,0.409,17,22,0.773,6,38,44,15,6,7,17,20,5,2016-17,Regular Season
22016,1610612756,PHX,Phoenix Suns,21600236,11/25/2016,PHX vs. MIN,L,239,85,32,79,0.405,6,26,0.231,15,21,0.714,12,36,48,17,11,6,25,26,-13,2016-17,Regular Season
22016,1610612756,PHX,Phoenix Suns,21600246,11/27/2016,PHX vs. DEN,L,240,114,36,89,0.404,11,25,0.44,31,36,0.861,9,37,46,11,5,7,11,24,-6,2016-17,Regular Season
22016,1610612756,PHX,Phoenix Suns,21600274,11/30/2016,PHX vs. ATL,W,240,109,40,89,0.449,10,21,0.476,19,25,0.76,13,28,41,15,11,4,15,17,2,2016-17,Regular Season
22016,1610612756,PHX,Phoenix Suns,21600299,12/3/2016,PHX @ GSW,L,239,109,41,91,0.451,11,32,0.344,16,21,0.762,14,22,36,24,8,2,14,29,-29,2016-17,Regular Season
22016,1610612756,PHX,Phoenix Suns,21600320,12/6/2016,PHX @ UTA,L,240,105,39,84,0.464,6,18,0.333,21,25,0.84,12,29,41,14,5,0,17,28,-7,2016-17,Regular Season
22016,1610612756,PHX,Phoenix Suns,21600329,12/7/2016,PHX vs. IND,L,240,94,34,85,0.4,9,33,0.273,17,18,0.944,9,31,40,17,14,4,19,31,-15,2016-17,Regular Season
22016,1610612756,PHX,Phoenix Suns,21600344,12/9/2016,PHX @ LAL,W,241,119,45,95,0.474,13,30,0.433,16,21,0.762,9,35,44,26,8,8,7,24,4,2016-17,Regular Season
22016,1610612756,PHX,Phoenix Suns,21600359,12/11/2016,PHX vs. NOP,L,264,119,44,96,0.458,14,41,0.341,17,26,0.654,14,43,57,21,6,3,16,27,-1,2016-17,Regular Season
22016,1610612756,PHX,Phoenix Suns,21600372,12/13/2016,PHX vs. NYK,W,264,113,38,93,0.409,9,30,0.3,28,33,0.848,16,45,61,13,9,7,17,28,2,2016-17,Regular Season
22016,1610612756,PHX,Phoenix Suns,21600387,12/15/2016,PHX vs. SAS,L,241,92,34,85,0.4,10,27,0.37,14,18,0.778,11,24,35,15,9,3,13,25,-15,2016-17,Regular Season
22016,1610612756,PHX,Phoenix Suns,21600399,12/17/2016,PHX @ OKC,L,239,101,39,90,0.433,8,22,0.364,15,20,0.75,16,27,43,16,5,5,16,23,-13,2016-17,Regular Season
22016,1610612756,PHX,Phoenix Suns,21600416,12/19/2016,PHX @ MIN,L,242,108,37,82,0.451,9,21,0.429,25,35,0.714,8,26,34,16,11,5,17,23,-7,2016-17,Regular Season
22016,1610612756,PHX,Phoenix Suns,21600435,12/21/2016,PHX vs. HOU,L,241,111,44,93,0.473,9,25,0.36,14,20,0.7,14,30,44,20,7,6,8,23,-14,2016-17,Regular Season
22016,1610612756,PHX,Phoenix Suns,21600453,12/23/2016,PHX vs. PHI,W,240,123,42,79,0.532,12,26,0.462,27,37,0.73,11,32,43,25,7,6,20,24,7,2016-17,Regular Season
22016,1610612756,PHX,Phoenix Suns,21600467,12/26/2016,PHX @ HOU,L,241,115,43,101,0.426,7,30,0.233,22,27,0.815,16,37,53,17,14,6,17,25,-16,2016-17,Regular Season
22016,1610612756,PHX,Phoenix Suns,21600482,12/28/2016,PHX @ SAS,L,241,98,36,74,0.486,7,16,0.438,19,24,0.792,7,26,33,20,11,4,21,25,-21,2016-17,Regular Season
22016,1610612756,PHX,Phoenix Suns,21600490,12/29/2016,PHX vs. TOR,W,240,99,37,83,0.446,9,21,0.429,16,23,0.696,12,35,47,20,10,4,20,28,8,2016-17,Regular Season
22016,1610612756,PHX,Phoenix Suns,21600506,12/31/2016,PHX @ UTA,L,241,86,36,87,0.414,7,17,0.412,7,10,0.7,9,32,41,9,6,2,9,21,-5,2016-17,Regular Season
22016,1610612756,PHX,Phoenix Suns,21600519,1/2/2017,PHX @ LAC,L,239,98,39,102,0.382,2,15,0.133,18,22,0.818,19,29,48,22,11,4,12,29,-11,2016-17,Regular Season
22016,1610612756,PHX,Phoenix Suns,21600527,1/3/2017,PHX vs. MIA,W,240,99,36,77,0.468,9,23,0.391,18,22,0.818,13,36,49,21,7,7,18,23,9,2016-17,Regular Season
22016,1610612756,PHX,Phoenix Suns,21600541,1/5/2017,PHX @ DAL,W,240,102,38,85,0.447,7,17,0.412,19,22,0.864,18,35,53,15,4,3,15,21,7,2016-17,Regular Season
22016,1610612756,PHX,Phoenix Suns,21600565,1/8/2017,PHX vs. CLE,L,240,116,46,87,0.529,9,27,0.333,15,19,0.789,13,23,36,23,12,7,14,19,-4,2016-17,Regular Season
22016,1610612756,PHX,Phoenix Suns,21600591,1/12/2017,PHX vs. DAL,L,240,108,38,78,0.487,10,18,0.556,22,27,0.815,13,34,47,15,2,4,19,23,-5,2016-17,Regular Season
22016,1610612756,PHX,Phoenix Suns,21600605,1/14/2017,PHX vs. SAS,W,239,108,39,85,0.459,8,21,0.381,22,24,0.917,15,30,45,18,10,0,15,30,3,2016-17,Regular Season
22016,1610612756,PHX,Phoenix Suns,21600620,1/16/2017,PHX vs. UTA,L,240,101,40,81,0.494,5,22,0.227,16,17,0.941,6,33,39,13,4,5,9,21,-5,2016-17,Regular Season
22016,1610612756,PHX,Phoenix Suns,21600636,1/19/2017,PHX @ CLE,L,240,103,37,85,0.435,4,19,0.211,25,31,0.806,15,31,46,23,10,4,14,22,-15,2016-17,Regular Season
22016,1610612756,PHX,Phoenix Suns,21600654,1/21/2017,PHX @ NYK,W,240,107,37,85,0.435,9,24,0.375,24,27,0.889,14,30,44,15,9,4,13,18,2,2016-17,Regular Season
22016,1610612756,PHX,Phoenix Suns,21600663,1/22/2017,PHX @ TOR,W,239,115,40,79,0.506,9,22,0.409,26,28,0.929,7,38,45,20,6,1,15,28,12,2016-17,Regular Season
22016,1610612756,PHX,Phoenix Suns,21600679,1/24/2017,PHX vs. MIN,L,239,111,38,86,0.442,7,19,0.368,28,32,0.875,13,31,44,20,7,4,15,23,-1,2016-17,Regular Season
22016,1610612756,PHX,Phoenix Suns,21600692,1/26/2017,PHX @ DEN,L,240,120,48,89,0.539,10,24,0.417,14,17,0.824,8,20,28,21,8,2,11,26,-7,2016-17,Regular Season
22016,1610612756,PHX,Phoenix Suns,21600709,1/28/2017,PHX vs. DEN,L,240,112,41,91,0.451,6,21,0.286,24,32,0.75,11,32,43,20,9,3,10,36,-11,2016-17,Regular Season
22016,1610612756,PHX,Phoenix Suns,21600723,1/30/2017,PHX vs. MEM,L,240,96,31,74,0.419,5,19,0.263,29,39,0.744,13,29,42,11,8,8,17,19,-19,2016-17,Regular Season
22016,1610612756,PHX,Phoenix Suns,21600739,2/1/2017,PHX vs. LAC,L,240,114,39,96,0.406,7,20,0.35,29,35,0.829,17,27,44,21,5,3,12,27,-10,2016-17,Regular Season
22016,1610612756,PHX,Phoenix Suns,21600753,2/3/2017,PHX @ SAC,W,240,105,32,77,0.416,12,29,0.414,29,35,0.829,6,33,39,11,7,3,11,21,2,2016-17,Regular Season
22016,1610612756,PHX,Phoenix Suns,21600761,2/4/2017,PHX vs. MIL,L,240,112,38,91,0.418,11,28,0.393,25,30,0.833,14,26,40,22,9,3,16,28,-25,2016-17,Regular Season
22016,1610612756,PHX,Phoenix Suns,21600774,2/6/2017,PHX @ NOP,L,240,106,40,93,0.43,5,27,0.185,21,25,0.84,9,40,49,26,7,10,16,23,-5,2016-17,Regular Season
22016,1610612756,PHX,Phoenix Suns,21600788,2/8/2017,PHX @ MEM,L,238,91,29,87,0.333,5,23,0.217,28,34,0.824,18,28,46,13,12,5,15,27,-19,2016-17,Regular Season
22016,1610612756,PHX,Phoenix Suns,21600807,2/10/2017,PHX vs. CHI,W,241,115,48,95,0.505,8,19,0.421,11,13,0.846,13,30,43,25,4,8,8,18,18,2016-17,Regular Season
22016,1610612756,PHX,Phoenix Suns,21600812,2/11/2017,PHX @ HOU,L,241,102,37,94,0.394,8,22,0.364,20,26,0.769,12,30,42,20,8,4,19,28,-31,2016-17,Regular Season
22016,1610612756,PHX,Phoenix Suns,21600829,2/13/2017,PHX vs. NOP,L,238,108,40,93,0.43,8,23,0.348,20,24,0.833,13,30,43,14,7,3,18,25,-2,2016-17,Regular Season
22016,1610612756,PHX,Phoenix Suns,21600844,2/15/2017,PHX vs. LAL,W,242,137,49,88,0.557,10,24,0.417,29,34,0.853,12,47,59,32,7,10,15,20,36,2016-17,Regular Season
22016,1610612756,PHX,Phoenix Suns,21600859,2/24/2017,PHX @ CHI,L,265,121,49,93,0.527,8,24,0.333,15,25,0.6,8,35,43,27,8,6,18,23,-7,2016-17,Regular Season
22016,1610612756,PHX,Phoenix Suns,21600875,2/26/2017,PHX @ MIL,L,239,96,40,83,0.482,5,14,0.357,11,16,0.688,12,30,42,26,12,5,20,22,-4,2016-17,Regular Season
22016,1610612756,PHX,Phoenix Suns,21600892,2/28/2017,PHX @ MEM,L,240,112,43,83,0.518,7,21,0.333,19,24,0.792,8,24,32,22,6,5,12,25,-18,2016-17,Regular Season
22016,1610612756,PHX,Phoenix Suns,21600907,3/2/2017,PHX vs. CHA,W,240,120,46,77,0.597,7,19,0.368,21,25,0.84,4,38,42,30,8,7,18,23,17,2016-17,Regular Season
22016,1610612756,PHX,Phoenix Suns,21600916,3/3/2017,PHX vs. OKC,W,240,118,44,89,0.494,5,21,0.238,25,31,0.806,9,36,45,28,10,7,17,26,7,2016-17,Regular Season
22016,1610612756,PHX,Phoenix Suns,21600929,3/5/2017,PHX vs. BOS,W,239,109,42,94,0.447,4,20,0.2,21,26,0.808,10,40,50,16,7,10,11,29,3,2016-17,Regular Season
22016,1610612756,PHX,Phoenix Suns,21600948,3/7/2017,PHX vs. WAS,L,239,127,44,88,0.5,13,27,0.481,26,33,0.788,9,40,49,23,5,8,19,32,-4,2016-17,Regular Season
22016,1610612756,PHX,Phoenix Suns,21600964,3/9/2017,PHX vs. LAL,L,239,110,42,91,0.462,6,19,0.316,20,25,0.8,18,36,54,20,7,10,19,24,-12,2016-17,Regular Season
22016,1610612756,PHX,Phoenix Suns,21600982,3/11/2017,PHX @ DAL,W,240,100,38,83,0.458,6,21,0.286,18,20,0.9,5,35,40,18,5,7,11,24,2,2016-17,Regular Season
22016,1610612756,PHX,Phoenix Suns,21600988,3/12/2017,PHX vs. POR,L,241,101,41,93,0.441,5,14,0.357,14,20,0.7,6,35,41,20,5,3,9,21,-9,2016-17,Regular Season
22016,1610612756,PHX,Phoenix Suns,21601012,3/15/2017,PHX vs. SAC,L,240,101,43,107,0.402,6,25,0.24,9,14,0.643,16,31,47,24,9,11,13,25,-6,2016-17,Regular Season
22016,1610612756,PHX,Phoenix Suns,21601026,3/17/2017,PHX vs. ORL,L,240,103,38,87,0.437,2,14,0.143,25,30,0.833,12,37,49,18,9,8,16,22,-6,2016-17,Regular Season
22016,1610612756,PHX,Phoenix Suns,21601038,3/19/2017,PHX @ DET,L,238,95,35,99,0.354,6,22,0.273,19,30,0.633,11,36,47,16,10,4,4,21,-17,2016-17,Regular Season
22016,1610612756,PHX,Phoenix Suns,21601053,3/21/2017,PHX @ MIA,L,240,97,36,82,0.439,4,16,0.25,21,29,0.724,10,31,41,14,5,5,24,23,-15,2016-17,Regular Season
22016,1610612756,PHX,Phoenix Suns,21601067,3/23/2017,PHX @ BKN,L,240,98,34,93,0.366,7,25,0.28,23,34,0.676,15,35,50,16,14,3,19,30,-28,2016-17,Regular Season
22016,1610612756,PHX,Phoenix Suns,21601076,3/24/2017,PHX @ BOS,L,240,120,39,86,0.453,6,19,0.316,36,49,0.735,10,39,49,23,9,3,13,30,-10,2016-17,Regular Season
22016,1610612756,PHX,Phoenix Suns,21601087,3/26/2017,PHX @ CHA,L,239,106,41,81,0.506,6,16,0.375,18,22,0.818,8,31,39,25,6,3,12,17,-14,2016-17,Regular Season
22016,1610612756,PHX,Phoenix Suns,21601106,3/28/2017,PHX @ ATL,L,240,91,35,96,0.365,7,31,0.226,14,24,0.583,14,34,48,25,12,6,15,31,-4,2016-17,Regular Season
22016,1610612756,PHX,Phoenix Suns,21601124,3/30/2017,PHX vs. LAC,L,240,118,49,92,0.533,7,23,0.304,13,24,0.542,13,30,43,24,6,2,14,27,-6,2016-17,Regular Season
22016,1610612756,PHX,Phoenix Suns,21601141,4/1/2017,PHX @ POR,L,240,117,44,84,0.524,3,10,0.3,26,32,0.813,13,30,43,17,8,6,17,26,-13,2016-17,Regular Season
22016,1610612756,PHX,Phoenix Suns,21601153,4/2/2017,PHX vs. HOU,L,240,116,42,100,0.42,8,34,0.235,24,29,0.828,22,39,61,24,8,11,23,24,-7,2016-17,Regular Season
22016,1610612756,PHX,Phoenix Suns,21601171,4/5/2017,PHX vs. GSW,L,240,111,43,103,0.417,7,27,0.259,18,26,0.692,20,35,55,26,13,2,16,22,-9,2016-17,Regular Season
22016,1610612756,PHX,Phoenix Suns,21601186,4/7/2017,PHX vs. OKC,W,239,120,43,83,0.518,8,18,0.444,26,31,0.839,12,33,45,16,6,6,7,26,21,2016-17,Regular Season
22016,1610612756,PHX,Phoenix Suns,21601199,4/9/2017,PHX vs. DAL,W,240,124,44,80,0.55,8,19,0.421,28,32,0.875,8,35,43,26,6,4,12,18,13,2016-17,Regular Season
22016,1610612756,PHX,Phoenix Suns,21601216,4/11/2017,PHX @ SAC,L,240,104,41,109,0.376,8,30,0.267,14,24,0.583,18,30,48,19,8,3,9,23,-25,2016-17,Regular Season
22017,1610612756,PHX,Phoenix Suns,21700012,10/18/2017,PHX vs. POR,L,241,76,28,89,0.315,7,27,0.259,13,18,0.722,10,23,33,10,9,8,16,22,-48,2017-18,Regular Season
22017,1610612756,PHX,Phoenix Suns,21700026,10/20/2017,PHX vs. LAL,L,239,130,45,92,0.489,14,29,0.483,26,38,0.684,10,40,50,17,8,9,19,25,-2,2017-18,Regular Season
22017,1610612756,PHX,Phoenix Suns,21700037,10/21/2017,PHX @ LAC,L,241,88,27,71,0.38,6,24,0.25,28,38,0.737,4,32,36,19,8,3,19,27,-42,2017-18,Regular Season
22017,1610612756,PHX,Phoenix Suns,21700048,10/23/2017,PHX vs. SAC,W,240,117,42,77,0.545,10,30,0.333,23,27,0.852,6,39,45,20,6,5,20,25,2,2017-18,Regular Season
22017,1610612756,PHX,Phoenix Suns,21700062,10/25/2017,PHX vs. UTA,W,240,97,42,96,0.438,6,19,0.316,7,9,0.778,16,39,55,18,8,5,16,25,9,2017-18,Regular Season
22017,1610612756,PHX,Phoenix Suns,21700083,10/28/2017,PHX @ POR,L,240,107,37,87,0.425,9,26,0.346,24,30,0.8,12,34,46,21,12,7,17,23,-7,2017-18,Regular Season
22017,1610612756,PHX,Phoenix Suns,21700102,10/31/2017,PHX @ BKN,W,239,122,45,96,0.469,10,22,0.455,22,24,0.917,10,56,66,18,5,5,18,26,8,2017-18,Regular Season
22017,1610612756,PHX,Phoenix Suns,21700108,11/1/2017,PHX @ WAS,W,241,122,41,83,0.494,9,24,0.375,31,38,0.816,11,34,45,23,5,5,9,24,6,2017-18,Regular Season
22017,1610612756,PHX,Phoenix Suns,21700124,11/3/2017,PHX @ NYK,L,240,107,34,97,0.351,9,32,0.281,30,37,0.811,20,27,47,17,7,3,10,25,-13,2017-18,Regular Season
22017,1610612756,PHX,Phoenix Suns,21700141,11/5/2017,PHX @ SAS,L,240,95,37,81,0.457,8,23,0.348,13,22,0.591,11,34,45,23,5,4,18,16,-17,2017-18,Regular Season
22017,1610612756,PHX,Phoenix Suns,21700147,11/6/2017,PHX vs. BKN,L,240,92,30,86,0.349,6,25,0.24,26,35,0.743,14,38,52,13,8,7,17,29,-6,2017-18,Regular Season
22017,1610612756,PHX,Phoenix Suns,21700162,11/8/2017,PHX vs. MIA,L,239,115,40,88,0.455,12,29,0.414,23,30,0.767,6,28,34,20,4,2,11,29,-11,2017-18,Regular Season
22017,1610612756,PHX,Phoenix Suns,21700174,11/10/2017,PHX vs. ORL,L,242,112,44,94,0.468,5,24,0.208,19,25,0.76,12,28,40,13,8,5,15,29,-16,2017-18,Regular Season
22017,1610612756,PHX,Phoenix Suns,21700186,11/11/2017,PHX vs. MIN,W,242,118,46,86,0.535,10,26,0.385,16,24,0.667,7,39,46,21,4,10,18,25,8,2017-18,Regular Season
22017,1610612756,PHX,Phoenix Suns,21700196,11/13/2017,PHX vs. LAL,L,240,93,37,95,0.389,7,26,0.269,12,20,0.6,11,43,54,15,6,4,15,17,-7,2017-18,Regular Season
22017,1610612756,PHX,Phoenix Suns,21700216,11/16/2017,PHX vs. HOU,L,241,116,47,104,0.452,10,30,0.333,12,21,0.571,16,31,47,28,9,5,14,22,-26,2017-18,Regular Season
22017,1610612756,PHX,Phoenix Suns,21700227,11/17/2017,PHX @ LAL,W,241,122,48,103,0.466,13,32,0.406,13,19,0.684,9,35,44,28,10,5,13,22,9,2017-18,Regular Season
22017,1610612756,PHX,Phoenix Suns,21700239,11/19/2017,PHX vs. CHI,W,239,113,45,89,0.506,7,27,0.259,16,22,0.727,9,39,48,32,5,4,12,16,8,2017-18,Regular Season
22017,1610612756,PHX,Phoenix Suns,21700264,11/22/2017,PHX vs. MIL,L,265,107,37,93,0.398,7,22,0.318,26,33,0.788,22,38,60,15,7,9,29,26,-6,2017-18,Regular Season
22017,1610612756,PHX,Phoenix Suns,21700275,11/24/2017,PHX vs. NOP,L,240,91,37,94,0.394,2,20,0.1,15,18,0.833,15,33,48,12,9,6,16,18,-24,2017-18,Regular Season
22017,1610612756,PHX,Phoenix Suns,21700288,11/26/2017,PHX @ MIN,L,239,108,43,85,0.506,13,26,0.5,9,12,0.75,11,26,37,25,6,1,15,20,-11,2017-18,Regular Season
22017,1610612756,PHX,Phoenix Suns,21700299,11/28/2017,PHX @ CHI,W,240,104,38,87,0.437,11,30,0.367,17,23,0.739,13,44,57,25,4,4,15,12,5,2017-18,Regular Season
22017,1610612756,PHX,Phoenix Suns,21700303,11/29/2017,PHX @ DET,L,241,107,39,84,0.464,7,22,0.318,22,28,0.786,8,29,37,21,11,4,19,19,-24,2017-18,Regular Season
22017,1610612756,PHX,Phoenix Suns,21700326,12/2/2017,PHX @ BOS,L,239,111,48,101,0.475,7,24,0.292,8,11,0.727,16,31,47,24,8,1,10,19,-5,2017-18,Regular Season
22017,1610612756,PHX,Phoenix Suns,21700341,12/4/2017,PHX @ PHI,W,239,115,44,91,0.484,10,22,0.455,17,22,0.773,15,31,46,25,10,9,11,14,14,2017-18,Regular Season
22017,1610612756,PHX,Phoenix Suns,21700350,12/5/2017,PHX @ TOR,L,239,113,37,75,0.493,9,24,0.375,30,38,0.789,0,35,35,23,7,4,17,24,-13,2017-18,Regular Season
22017,1610612756,PHX,Phoenix Suns,21700364,12/7/2017,PHX vs. WAS,L,240,99,36,78,0.462,7,23,0.304,20,28,0.714,10,32,42,22,5,5,13,21,-10,2017-18,Regular Season
22017,1610612756,PHX,Phoenix Suns,21700383,12/9/2017,PHX vs. SAS,L,239,101,35,80,0.438,7,25,0.28,24,30,0.8,10,30,40,11,4,1,10,21,-3,2017-18,Regular Season
22017,1610612756,PHX,Phoenix Suns,21700403,12/12/2017,PHX @ SAC,L,241,92,37,90,0.411,7,32,0.219,11,14,0.786,13,32,45,22,5,4,12,18,-7,2017-18,Regular Season
22017,1610612756,PHX,Phoenix Suns,21700411,12/13/2017,PHX vs. TOR,L,240,109,37,83,0.446,8,24,0.333,27,34,0.794,10,31,41,20,3,9,11,24,-6,2017-18,Regular Season
22017,1610612756,PHX,Phoenix Suns,21700434,12/16/2017,PHX @ MIN,W,241,108,33,72,0.458,11,24,0.458,31,35,0.886,13,39,52,22,4,3,23,21,5,2017-18,Regular Season
22017,1610612756,PHX,Phoenix Suns,21700448,12/18/2017,PHX @ DAL,W,241,97,35,79,0.443,10,25,0.4,17,22,0.773,7,42,49,17,9,6,18,25,6,2017-18,Regular Season
22017,1610612756,PHX,Phoenix Suns,21700465,12/20/2017,PHX @ LAC,L,240,95,35,97,0.361,8,35,0.229,17,19,0.895,14,36,50,22,3,3,10,25,-13,2017-18,Regular Season
22017,1610612756,PHX,Phoenix Suns,21700469,12/21/2017,PHX vs. MEM,W,240,97,33,81,0.407,10,26,0.385,21,27,0.778,12,32,44,21,4,1,10,17,2,2017-18,Regular Season
22017,1610612756,PHX,Phoenix Suns,21700490,12/23/2017,PHX vs. MIN,L,239,106,40,86,0.465,11,32,0.344,15,24,0.625,9,27,36,24,5,4,13,22,-9,2017-18,Regular Season
22017,1610612756,PHX,Phoenix Suns,21700504,12/26/2017,PHX vs. MEM,W,240,99,32,72,0.444,8,22,0.364,27,35,0.771,6,35,41,24,5,5,19,29,2,2017-18,Regular Season
22017,1610612756,PHX,Phoenix Suns,21700527,12/29/2017,PHX @ SAC,W,240,111,41,85,0.482,13,30,0.433,16,24,0.667,16,31,47,26,5,5,10,19,10,2017-18,Regular Season
22017,1610612756,PHX,Phoenix Suns,21700544,12/31/2017,PHX vs. PHI,L,240,110,37,88,0.42,10,27,0.37,26,34,0.765,12,23,35,18,9,4,16,29,-13,2017-18,Regular Season
22017,1610612756,PHX,Phoenix Suns,21700551,1/2/2018,PHX vs. ATL,W,240,104,39,77,0.506,7,22,0.318,19,26,0.731,11,36,47,24,7,4,21,22,1,2017-18,Regular Season
22017,1610612756,PHX,Phoenix Suns,21700563,1/3/2018,PHX @ DEN,L,242,111,39,92,0.424,13,35,0.371,20,28,0.714,14,21,35,26,12,1,12,18,-23,2017-18,Regular Season
22017,1610612756,PHX,Phoenix Suns,21700573,1/5/2018,PHX @ SAS,L,240,89,35,83,0.422,7,30,0.233,12,18,0.667,9,37,46,22,11,2,23,23,-14,2017-18,Regular Season
22017,1610612756,PHX,Phoenix Suns,21700588,1/7/2018,PHX vs. OKC,W,241,114,39,88,0.443,17,39,0.436,19,23,0.826,12,31,43,24,6,6,7,19,14,2017-18,Regular Season
22017,1610612756,PHX,Phoenix Suns,21700626,1/12/2018,PHX vs. HOU,L,240,95,37,80,0.463,14,33,0.424,7,9,0.778,4,34,38,27,5,3,19,19,-17,2017-18,Regular Season
22017,1610612756,PHX,Phoenix Suns,21700636,1/14/2018,PHX vs. IND,L,239,97,35,85,0.412,9,37,0.243,18,24,0.75,14,31,45,20,2,1,12,16,-23,2017-18,Regular Season
22017,1610612756,PHX,Phoenix Suns,21700652,1/16/2018,PHX @ POR,L,240,111,37,89,0.416,16,41,0.39,21,22,0.955,12,31,43,21,6,3,13,15,-7,2017-18,Regular Season
22017,1610612756,PHX,Phoenix Suns,21700671,1/19/2018,PHX @ DEN,W,241,108,40,81,0.494,14,33,0.424,14,20,0.7,4,33,37,28,9,6,11,21,8,2017-18,Regular Season
22017,1610612756,PHX,Phoenix Suns,21700691,1/22/2018,PHX @ MIL,L,240,105,39,79,0.494,9,26,0.346,18,20,0.9,9,25,34,31,12,2,21,26,-4,2017-18,Regular Season
22017,1610612756,PHX,Phoenix Suns,21700703,1/24/2018,PHX @ IND,L,239,101,35,84,0.417,9,35,0.257,22,29,0.759,10,32,42,22,3,2,16,26,-15,2017-18,Regular Season
22017,1610612756,PHX,Phoenix Suns,21700723,1/26/2018,PHX vs. NYK,L,240,85,33,94,0.351,11,33,0.333,8,13,0.615,12,30,42,15,6,3,14,24,-22,2017-18,Regular Season
22017,1610612756,PHX,Phoenix Suns,21700732,1/28/2018,PHX @ HOU,L,240,102,36,85,0.424,8,33,0.242,22,26,0.846,7,36,43,17,7,2,12,29,-11,2017-18,Regular Season
22017,1610612756,PHX,Phoenix Suns,21700740,1/29/2018,PHX @ MEM,L,239,109,38,82,0.463,7,23,0.304,26,36,0.722,15,22,37,20,11,2,19,20,-11,2017-18,Regular Season
22017,1610612756,PHX,Phoenix Suns,21700760,1/31/2018,PHX vs. DAL,W,240,102,40,83,0.482,11,30,0.367,11,15,0.733,8,39,47,23,9,3,17,29,14,2017-18,Regular Season
22017,1610612756,PHX,Phoenix Suns,21700773,2/2/2018,PHX vs. UTA,L,238,97,36,87,0.414,9,33,0.273,16,19,0.842,6,26,32,19,7,5,12,25,-32,2017-18,Regular Season
22017,1610612756,PHX,Phoenix Suns,21700789,2/4/2018,PHX vs. CHA,L,241,110,41,77,0.532,15,29,0.517,13,13,1,2,37,39,24,4,4,19,25,-5,2017-18,Regular Season
22017,1610612756,PHX,Phoenix Suns,21700804,2/6/2018,PHX @ LAL,L,239,93,36,94,0.383,8,29,0.276,13,23,0.565,16,32,48,24,4,4,11,18,-19,2017-18,Regular Season
22017,1610612756,PHX,Phoenix Suns,21700810,2/7/2018,PHX vs. SAS,L,241,81,33,97,0.34,3,32,0.094,12,18,0.667,11,33,44,15,8,4,11,23,-48,2017-18,Regular Season
22017,1610612756,PHX,Phoenix Suns,21700832,2/10/2018,PHX vs. DEN,L,240,113,46,84,0.548,7,19,0.368,14,25,0.56,8,28,36,24,7,9,15,24,-10,2017-18,Regular Season
22017,1610612756,PHX,Phoenix Suns,21700846,2/12/2018,PHX @ GSW,L,240,83,33,95,0.347,3,23,0.13,14,22,0.636,15,32,47,13,2,3,15,17,-46,2017-18,Regular Season
22017,1610612756,PHX,Phoenix Suns,21700863,2/14/2018,PHX @ UTA,L,241,97,34,79,0.43,12,29,0.414,17,24,0.708,5,36,41,19,5,6,12,25,-10,2017-18,Regular Season
22017,1610612756,PHX,Phoenix Suns,21700881,2/23/2018,PHX vs. LAC,L,240,117,45,103,0.437,9,31,0.29,18,31,0.581,16,32,48,22,12,5,10,25,-11,2017-18,Regular Season
22017,1610612756,PHX,Phoenix Suns,21700889,2/24/2018,PHX vs. POR,L,239,104,39,87,0.448,11,26,0.423,15,21,0.714,6,45,51,23,5,10,13,24,-2,2017-18,Regular Season
22017,1610612756,PHX,Phoenix Suns,21700902,2/26/2018,PHX @ NOP,L,241,116,42,97,0.433,7,24,0.292,25,32,0.781,14,37,51,23,9,5,14,33,-9,2017-18,Regular Season
22017,1610612756,PHX,Phoenix Suns,21700918,2/28/2018,PHX @ MEM,W,240,110,38,83,0.458,6,21,0.286,28,38,0.737,8,39,47,19,12,6,16,28,8,2017-18,Regular Season
22017,1610612756,PHX,Phoenix Suns,21700933,3/2/2018,PHX vs. OKC,L,241,116,46,96,0.479,11,25,0.44,13,18,0.722,13,31,44,26,5,12,13,25,-8,2017-18,Regular Season
22017,1610612756,PHX,Phoenix Suns,21700943,3/4/2018,PHX @ ATL,L,238,112,46,92,0.5,11,26,0.423,9,15,0.6,5,36,41,33,6,6,14,19,-1,2017-18,Regular Season
22017,1610612756,PHX,Phoenix Suns,21700952,3/5/2018,PHX @ MIA,L,239,103,42,87,0.483,10,24,0.417,9,18,0.5,12,28,40,21,3,2,17,20,-22,2017-18,Regular Season
22017,1610612756,PHX,Phoenix Suns,21700975,3/8/2018,PHX @ OKC,L,241,87,31,92,0.337,9,37,0.243,16,18,0.889,7,36,43,15,9,4,13,25,-28,2017-18,Regular Season
22017,1610612756,PHX,Phoenix Suns,21700987,3/10/2018,PHX @ CHA,L,241,115,42,83,0.506,18,32,0.563,13,19,0.684,5,30,35,27,9,3,14,25,-7,2017-18,Regular Season
22017,1610612756,PHX,Phoenix Suns,21701014,3/13/2018,PHX vs. CLE,L,240,107,38,98,0.388,6,32,0.188,25,30,0.833,11,36,47,17,10,2,18,21,-22,2017-18,Regular Season
22017,1610612756,PHX,Phoenix Suns,21701027,3/15/2018,PHX @ UTA,L,241,88,32,83,0.386,7,16,0.438,17,24,0.708,9,42,51,14,4,4,22,25,-28,2017-18,Regular Season
22017,1610612756,PHX,Phoenix Suns,21701044,3/17/2018,PHX vs. GSW,L,240,109,39,82,0.476,11,24,0.458,20,29,0.69,9,33,42,22,8,5,19,19,-15,2017-18,Regular Season
22017,1610612756,PHX,Phoenix Suns,21701063,3/20/2018,PHX vs. DET,L,239,88,34,90,0.378,7,34,0.206,13,20,0.65,12,37,49,22,1,8,19,16,-27,2017-18,Regular Season
22017,1610612756,PHX,Phoenix Suns,21701080,3/23/2018,PHX @ CLE,L,239,95,38,87,0.437,7,28,0.25,12,20,0.6,7,29,36,24,9,4,17,23,-25,2017-18,Regular Season
22017,1610612756,PHX,Phoenix Suns,21701090,3/24/2018,PHX @ ORL,L,239,99,36,89,0.404,7,29,0.241,20,26,0.769,10,31,41,21,14,2,14,22,-6,2017-18,Regular Season
22017,1610612756,PHX,Phoenix Suns,21701107,3/26/2018,PHX vs. BOS,L,239,94,36,81,0.444,12,35,0.343,10,19,0.526,11,36,47,18,8,5,15,18,-8,2017-18,Regular Season
22017,1610612756,PHX,Phoenix Suns,21701122,3/28/2018,PHX vs. LAC,L,239,99,38,88,0.432,10,34,0.294,13,18,0.722,9,30,39,17,13,4,14,20,-12,2017-18,Regular Season
22017,1610612756,PHX,Phoenix Suns,21701132,3/30/2018,PHX @ HOU,L,241,103,41,84,0.488,12,32,0.375,9,13,0.692,8,38,46,23,8,5,17,21,-1,2017-18,Regular Season
22017,1610612756,PHX,Phoenix Suns,21701153,4/1/2018,PHX @ GSW,L,242,107,41,90,0.456,11,31,0.355,14,16,0.875,9,33,42,26,8,4,15,12,-10,2017-18,Regular Season
22017,1610612756,PHX,Phoenix Suns,21701167,4/3/2018,PHX vs. SAC,W,239,97,35,77,0.455,6,17,0.353,21,33,0.636,6,46,52,18,6,5,14,22,3,2017-18,Regular Season
22017,1610612756,PHX,Phoenix Suns,21701189,4/6/2018,PHX vs. NOP,L,239,103,37,94,0.394,9,33,0.273,20,26,0.769,12,36,48,20,8,4,14,18,-19,2017-18,Regular Season
22017,1610612756,PHX,Phoenix Suns,21701203,4/8/2018,PHX vs. GSW,L,240,100,39,92,0.424,10,35,0.286,12,16,0.75,8,36,44,24,4,0,13,16,-17,2017-18,Regular Season
22017,1610612756,PHX,Phoenix Suns,21701216,4/10/2018,PHX @ DAL,W,240,124,48,76,0.632,13,26,0.5,15,21,0.714,5,41,46,35,5,6,14,16,27,2017-18,Regular Season
22018,1610612756,PHX,Phoenix Suns,21800013,10/17/2018,PHX vs. DAL,W,240,121,44,81,0.543,19,34,0.559,14,16,0.875,6,38,44,35,5,2,11,22,21,2018-19,Regular Season
22018,1610612756,PHX,Phoenix Suns,21800033,10/20/2018,PHX @ DEN,L,241,91,29,77,0.377,11,39,0.282,22,35,0.629,10,30,40,20,6,4,19,26,-28,2018-19,Regular Season
22018,1610612756,PHX,Phoenix Suns,21800047,10/22/2018,PHX @ GSW,L,240,103,39,86,0.453,9,34,0.265,16,18,0.889,12,33,45,24,8,1,21,21,-20,2018-19,Regular Season
22018,1610612756,PHX,Phoenix Suns,21800060,10/24/2018,PHX vs. LAL,L,239,113,44,84,0.524,10,31,0.323,15,21,0.714,9,35,44,27,4,4,19,23,-18,2018-19,Regular Season
22018,1610612756,PHX,Phoenix Suns,21800080,10/27/2018,PHX @ MEM,L,241,96,36,78,0.462,9,33,0.273,15,19,0.789,5,30,35,28,5,1,19,25,-21,2018-19,Regular Season
22018,1610612756,PHX,Phoenix Suns,21800085,10/28/2018,PHX @ OKC,L,242,110,38,86,0.442,8,27,0.296,26,27,0.963,10,34,44,21,10,3,22,32,-7,2018-19,Regular Season
22018,1610612756,PHX,Phoenix Suns,21800110,10/31/2018,PHX vs. SAS,L,240,90,35,90,0.389,6,24,0.25,14,18,0.778,7,28,35,21,10,3,15,26,-30,2018-19,Regular Season
22018,1610612756,PHX,Phoenix Suns,21800123,11/2/2018,PHX vs. TOR,L,241,98,40,91,0.44,8,26,0.308,10,18,0.556,12,37,49,20,3,4,15,18,-9,2018-19,Regular Season
22018,1610612756,PHX,Phoenix Suns,21800136,11/4/2018,PHX vs. MEM,W,240,102,33,64,0.516,14,32,0.438,22,26,0.846,5,32,37,25,7,3,24,27,2,2018-19,Regular Season
22018,1610612756,PHX,Phoenix Suns,21800151,11/6/2018,PHX vs. BKN,L,240,82,28,81,0.346,9,25,0.36,17,20,0.85,9,40,49,16,4,3,20,20,-22,2018-19,Regular Season
22018,1610612756,PHX,Phoenix Suns,21800164,11/8/2018,PHX vs. BOS,L,266,109,41,93,0.441,11,35,0.314,16,19,0.842,4,38,42,25,10,6,15,23,-7,2018-19,Regular Season
22018,1610612756,PHX,Phoenix Suns,21800176,11/10/2018,PHX @ NOP,L,241,99,35,86,0.407,10,36,0.278,19,20,0.95,10,27,37,16,10,7,14,27,-20,2018-19,Regular Season
22018,1610612756,PHX,Phoenix Suns,21800196,11/12/2018,PHX @ OKC,L,240,101,39,81,0.481,7,26,0.269,16,19,0.842,10,27,37,25,5,5,18,21,-17,2018-19,Regular Season
22018,1610612756,PHX,Phoenix Suns,21800211,11/14/2018,PHX vs. SAS,W,240,116,47,84,0.56,15,31,0.484,7,8,0.875,5,33,38,27,9,4,16,23,20,2018-19,Regular Season
22018,1610612756,PHX,Phoenix Suns,21800233,11/17/2018,PHX vs. OKC,L,240,100,37,82,0.451,12,29,0.414,14,21,0.667,4,27,31,25,14,6,14,28,-10,2018-19,Regular Season
22018,1610612756,PHX,Phoenix Suns,21800242,11/19/2018,PHX @ PHI,L,239,114,44,87,0.506,13,33,0.394,13,24,0.542,5,26,31,25,9,4,13,34,-5,2018-19,Regular Season
22018,1610612756,PHX,Phoenix Suns,21800257,11/21/2018,PHX @ CHI,L,241,116,48,98,0.49,10,34,0.294,10,10,1,6,30,36,28,9,5,13,20,-8,2018-19,Regular Season
22018,1610612756,PHX,Phoenix Suns,21800275,11/23/2018,PHX @ MIL,W,240,116,45,90,0.5,9,26,0.346,17,22,0.773,6,34,40,21,8,4,11,25,2,2018-19,Regular Season
22018,1610612756,PHX,Phoenix Suns,21800287,11/25/2018,PHX @ DET,L,240,107,42,82,0.512,8,25,0.32,15,21,0.714,10,32,42,22,6,6,17,22,-11,2018-19,Regular Season
22018,1610612756,PHX,Phoenix Suns,21800305,11/27/2018,PHX vs. IND,L,240,104,41,92,0.446,10,30,0.333,12,18,0.667,12,33,45,20,8,6,8,17,-5,2018-19,Regular Season
22018,1610612756,PHX,Phoenix Suns,21800315,11/28/2018,PHX @ LAC,L,239,99,39,89,0.438,8,26,0.308,13,18,0.722,7,27,34,20,17,6,16,24,-16,2018-19,Regular Season
22018,1610612756,PHX,Phoenix Suns,21800327,11/30/2018,PHX vs. ORL,L,240,85,34,84,0.405,7,28,0.25,10,14,0.714,9,31,40,22,5,0,12,15,-14,2018-19,Regular Season
22018,1610612756,PHX,Phoenix Suns,21800337,12/2/2018,PHX @ LAL,L,240,96,37,93,0.398,13,33,0.394,9,11,0.818,7,33,40,24,12,8,15,22,-24,2018-19,Regular Season
22018,1610612756,PHX,Phoenix Suns,21800353,12/4/2018,PHX vs. SAC,L,240,105,38,87,0.437,12,43,0.279,17,21,0.81,13,30,43,27,9,4,21,27,-17,2018-19,Regular Season
22018,1610612756,PHX,Phoenix Suns,21800366,12/6/2018,PHX @ POR,L,240,86,35,91,0.385,5,27,0.185,11,14,0.786,11,30,41,20,11,2,16,21,-22,2018-19,Regular Season
22018,1610612756,PHX,Phoenix Suns,21800376,12/7/2018,PHX vs. MIA,L,241,98,36,79,0.456,14,34,0.412,12,16,0.75,4,38,42,27,7,4,20,21,-17,2018-19,Regular Season
22018,1610612756,PHX,Phoenix Suns,21800399,12/10/2018,PHX vs. LAC,L,266,119,47,94,0.5,9,25,0.36,16,20,0.8,10,30,40,31,14,8,15,29,-4,2018-19,Regular Season
22018,1610612756,PHX,Phoenix Suns,21800403,12/11/2018,PHX @ SAS,L,240,86,33,82,0.402,8,28,0.286,12,14,0.857,8,32,40,19,7,5,17,22,-25,2018-19,Regular Season
22018,1610612756,PHX,Phoenix Suns,21800419,12/13/2018,PHX vs. DAL,W,239,99,37,92,0.402,10,27,0.37,15,18,0.833,12,28,40,20,15,5,13,27,10,2018-19,Regular Season
22018,1610612756,PHX,Phoenix Suns,21800435,12/15/2018,PHX vs. MIN,W,242,107,41,90,0.456,9,28,0.321,16,20,0.8,11,40,51,30,6,7,15,22,8,2018-19,Regular Season
22018,1610612756,PHX,Phoenix Suns,21800444,12/17/2018,PHX @ NYK,W,240,128,48,92,0.522,9,27,0.333,23,27,0.852,4,40,44,27,8,5,7,20,18,2018-19,Regular Season
22018,1610612756,PHX,Phoenix Suns,21800458,12/19/2018,PHX @ BOS,W,239,111,41,96,0.427,11,27,0.407,18,22,0.818,21,35,56,23,8,6,17,19,6.2,2018-19,Regular Season
22018,1610612756,PHX,Phoenix Suns,21800480,12/22/2018,PHX @ WAS,L,316,146,55,115,0.478,11,35,0.314,25,33,0.758,19,31,50,30,14,7,14,28,-3,2018-19,Regular Season
22018,1610612756,PHX,Phoenix Suns,21800489,12/23/2018,PHX @ BKN,L,239,103,43,89,0.483,3,17,0.176,14,16,0.875,10,31,41,24,10,5,12,27,-8,2018-19,Regular Season
22018,1610612756,PHX,Phoenix Suns,21800503,12/26/2018,PHX @ ORL,W,264,122,48,95,0.505,13,24,0.542,13,17,0.765,11,34,45,22,9,9,18,19,2,2018-19,Regular Season
22018,1610612756,PHX,Phoenix Suns,21800525,12/28/2018,PHX vs. OKC,L,239,102,39,90,0.433,9,29,0.31,15,16,0.938,7,27,34,22,12,7,17,18,-16,2018-19,Regular Season
22018,1610612756,PHX,Phoenix Suns,21800533,12/29/2018,PHX vs. DEN,L,241,118,49,91,0.538,11,29,0.379,9,14,0.643,12,25,37,29,15,5,13,21,-4,2018-19,Regular Season
22018,1610612756,PHX,Phoenix Suns,21800548,12/31/2018,PHX vs. GSW,L,242,109,37,85,0.435,9,26,0.346,26,30,0.867,7,31,38,20,7,3,13,29,-23,2018-19,Regular Season
22018,1610612756,PHX,Phoenix Suns,21800561,1/2/2019,PHX vs. PHI,L,240,127,43,95,0.453,11,34,0.324,30,36,0.833,13,24,37,22,10,3,15,34,-5,2018-19,Regular Season
22018,1610612756,PHX,Phoenix Suns,21800573,1/4/2019,PHX vs. LAC,L,239,111,41,77,0.532,9,19,0.474,20,27,0.741,7,18,25,24,13,9,17,26,-10,2018-19,Regular Season
22018,1610612756,PHX,Phoenix Suns,21800590,1/6/2019,PHX vs. CHA,L,239,113,43,83,0.518,10,25,0.4,17,19,0.895,3,33,36,23,8,4,14,25,-6,2018-19,Regular Season
22018,1610612756,PHX,Phoenix Suns,21800604,1/8/2019,PHX vs. SAC,W,239,115,45,88,0.511,10,25,0.4,15,19,0.789,9,28,37,31,18,7,19,25,4,2018-19,Regular Season
22018,1610612756,PHX,Phoenix Suns,21800613,1/9/2019,PHX @ DAL,L,241,94,36,84,0.429,7,25,0.28,15,21,0.714,7,30,37,22,10,8,15,34,-10,2018-19,Regular Season
22018,1610612756,PHX,Phoenix Suns,21800635,1/12/2019,PHX vs. DEN,W,240,102,38,92,0.413,8,26,0.308,18,25,0.72,14,35,49,29,11,9,9,19,9,2018-19,Regular Season
22018,1610612756,PHX,Phoenix Suns,21800651,1/15/2019,PHX @ IND,L,241,97,40,95,0.421,8,27,0.296,9,18,0.5,10,33,43,26,8,6,19,30,-34,2018-19,Regular Season
22018,1610612756,PHX,Phoenix Suns,21800668,1/17/2019,PHX @ TOR,L,240,109,36,84,0.429,9,30,0.3,28,36,0.778,15,31,46,18,9,8,16,21,-2,2018-19,Regular Season
22018,1610612756,PHX,Phoenix Suns,21800679,1/19/2019,PHX @ CHA,L,240,115,39,87,0.448,11,33,0.333,26,33,0.788,7,19,26,21,7,7,7,26,-20,2018-19,Regular Season
22018,1610612756,PHX,Phoenix Suns,21800689,1/20/2019,PHX @ MIN,L,240,114,40,86,0.465,12,39,0.308,22,32,0.688,9,29,38,22,9,5,15,27,-2,2018-19,Regular Season
22018,1610612756,PHX,Phoenix Suns,21800705,1/22/2019,PHX vs. MIN,L,239,91,37,87,0.425,7,34,0.206,10,18,0.556,5,29,34,23,6,9,13,17,-27,2018-19,Regular Season
22018,1610612756,PHX,Phoenix Suns,21800718,1/24/2019,PHX vs. POR,L,240,106,36,88,0.409,13,38,0.342,21,27,0.778,9,30,39,19,9,4,16,22,-14,2018-19,Regular Season
22018,1610612756,PHX,Phoenix Suns,21800728,1/25/2019,PHX @ DEN,L,241,95,32,76,0.421,7,30,0.233,24,26,0.923,2,33,35,20,4,7,15,25,-37,2018-19,Regular Season
22018,1610612756,PHX,Phoenix Suns,21800743,1/27/2019,PHX @ LAL,L,241,102,34,85,0.4,7,26,0.269,27,32,0.844,15,25,40,19,8,9,16,20,-14,2018-19,Regular Season
22018,1610612756,PHX,Phoenix Suns,21800754,1/29/2019,PHX @ SAS,L,238,124,48,80,0.6,13,29,0.448,15,19,0.789,3,35,38,26,8,5,18,22,-2,2018-19,Regular Season
22018,1610612756,PHX,Phoenix Suns,21800784,2/2/2019,PHX vs. ATL,L,240,112,45,96,0.469,12,32,0.375,10,18,0.556,10,27,37,31,15,5,10,23,-6,2018-19,Regular Season
22018,1610612756,PHX,Phoenix Suns,21800794,2/4/2019,PHX vs. HOU,L,240,110,45,84,0.536,7,25,0.28,13,18,0.722,9,29,38,29,9,1,17,20,-8,2018-19,Regular Season
22018,1610612756,PHX,Phoenix Suns,21800808,2/6/2019,PHX @ UTA,L,240,88,35,75,0.467,3,17,0.176,15,19,0.789,7,29,36,23,8,2,22,25,-28,2018-19,Regular Season
22018,1610612756,PHX,Phoenix Suns,21800822,2/8/2019,PHX vs. GSW,L,240,107,39,101,0.386,6,31,0.194,23,30,0.767,19,29,48,23,12,1,11,28,-10,2018-19,Regular Season
22018,1610612756,PHX,Phoenix Suns,21800836,2/10/2019,PHX @ SAC,L,240,104,38,91,0.418,6,27,0.222,22,30,0.733,15,39,54,22,5,4,17,31,-13,2018-19,Regular Season
22018,1610612756,PHX,Phoenix Suns,21800863,2/13/2019,PHX @ LAC,L,240,107,40,86,0.465,8,30,0.267,19,25,0.76,8,28,36,24,6,4,16,23,-27,2018-19,Regular Season
22018,1610612756,PHX,Phoenix Suns,21800867,2/21/2019,PHX @ CLE,L,240,98,35,84,0.417,10,32,0.313,18,25,0.72,11,27,38,26,12,6,17,18,-13,2018-19,Regular Season
22018,1610612756,PHX,Phoenix Suns,21800883,2/23/2019,PHX @ ATL,L,241,112,41,93,0.441,13,37,0.351,17,20,0.85,6,35,41,25,9,4,12,29,-8,2018-19,Regular Season
22018,1610612756,PHX,Phoenix Suns,21800901,2/25/2019,PHX @ MIA,W,241,124,45,89,0.506,13,32,0.406,21,25,0.84,7,32,39,30,9,1,14,20,3,2018-19,Regular Season
22018,1610612756,PHX,Phoenix Suns,21800932,3/1/2019,PHX vs. NOP,L,242,116,40,94,0.426,12,34,0.353,24,28,0.857,12,27,39,25,17,2,19,21,-14,2018-19,Regular Season
22018,1610612756,PHX,Phoenix Suns,21800942,3/2/2019,PHX vs. LAL,W,241,118,39,76,0.513,6,26,0.231,34,40,0.85,9,32,41,21,7,8,10,22,9,2018-19,Regular Season
22018,1610612756,PHX,Phoenix Suns,21800955,3/4/2019,PHX vs. MIL,W,241,114,41,91,0.451,7,22,0.318,25,31,0.806,17,39,56,22,10,10,13,23,9,2018-19,Regular Season
22018,1610612756,PHX,Phoenix Suns,21800972,3/6/2019,PHX vs. NYK,W,239,107,39,81,0.481,12,29,0.414,17,22,0.773,4,27,31,21,11,9,13,25,11,2018-19,Regular Season
22018,1610612756,PHX,Phoenix Suns,21800991,3/9/2019,PHX @ POR,L,239,120,43,103,0.417,9,27,0.333,25,29,0.862,13,30,43,27,7,5,8,23,-7,2018-19,Regular Season
22018,1610612756,PHX,Phoenix Suns,21801000,3/10/2019,PHX @ GSW,W,240,115,42,86,0.488,10,25,0.4,21,27,0.778,9,39,48,26,10,4,14,18,4,2018-19,Regular Season
22018,1610612756,PHX,Phoenix Suns,21801019,3/13/2019,PHX vs. UTA,L,239,97,36,82,0.439,7,19,0.368,18,23,0.783,5,30,35,21,8,3,12,20,-17,2018-19,Regular Season
22018,1610612756,PHX,Phoenix Suns,21801030,3/15/2019,PHX @ HOU,L,239,102,38,89,0.427,7,26,0.269,19,25,0.76,15,34,49,22,9,4,21,21,-6,2018-19,Regular Season
22018,1610612756,PHX,Phoenix Suns,21801036,3/16/2019,PHX @ NOP,W,265,138,51,100,0.51,9,29,0.31,27,36,0.75,11,37,48,31,10,7,22,33,2,2018-19,Regular Season
22018,1610612756,PHX,Phoenix Suns,21801057,3/18/2019,PHX vs. CHI,L,240,101,39,84,0.464,7,26,0.269,16,26,0.615,9,29,38,24,5,5,12,22,-15,2018-19,Regular Season
22018,1610612756,PHX,Phoenix Suns,21801077,3/21/2019,PHX vs. DET,L,238,98,35,73,0.479,7,26,0.269,21,26,0.808,7,28,35,22,6,4,19,27,-20,2018-19,Regular Season
22018,1610612756,PHX,Phoenix Suns,21801094,3/23/2019,PHX @ SAC,L,241,103,36,88,0.409,9,34,0.265,22,26,0.846,10,33,43,25,10,4,14,21,-9,2018-19,Regular Season
22018,1610612756,PHX,Phoenix Suns,21801105,3/25/2019,PHX @ UTA,L,238,92,31,76,0.408,7,23,0.304,23,28,0.821,9,27,36,12,8,3,21,18,-33,2018-19,Regular Season
22018,1610612756,PHX,Phoenix Suns,21801120,3/27/2019,PHX vs. WAS,L,241,121,43,87,0.494,14,37,0.378,21,26,0.808,11,37,48,22,9,7,15,28,-3,2018-19,Regular Season
22018,1610612756,PHX,Phoenix Suns,21801144,3/30/2019,PHX vs. MEM,L,241,115,43,81,0.531,12,28,0.429,17,23,0.739,7,33,40,27,8,7,19,26,-5,2018-19,Regular Season
22018,1610612756,PHX,Phoenix Suns,21801160,4/1/2019,PHX vs. CLE,W,240,122,46,84,0.548,13,37,0.351,17,20,0.85,5,35,40,28,1,11,13,22,9,2018-19,Regular Season
22018,1610612756,PHX,Phoenix Suns,21801174,4/3/2019,PHX vs. UTA,L,240,97,42,91,0.462,5,21,0.238,8,13,0.615,9,22,31,21,7,3,10,23,-21,2018-19,Regular Season
22018,1610612756,PHX,Phoenix Suns,21801189,4/5/2019,PHX vs. NOP,W,265,133,51,104,0.49,14,36,0.389,17,21,0.81,13,33,46,27,12,11,7,18,7,2018-19,Regular Season
22018,1610612756,PHX,Phoenix Suns,21801200,4/7/2019,PHX @ HOU,L,239,113,43,93,0.462,11,34,0.324,16,21,0.762,8,34,42,26,8,0,13,18,-36,2018-19,Regular Season
22018,1610612756,PHX,Phoenix Suns,21801216,4/9/2019,PHX @ DAL,L,239,109,38,88,0.432,13,35,0.371,20,28,0.714,5,33,38,21,13,6,14,22,-11,2018-19,Regular Season
22019,1610612756,PHX,Phoenix Suns,21900012,10/23/2019,PHX vs. SAC,W,239,124,49,98,0.5,11,33,0.333,15,18,0.833,9,35,44,31,13,9,14,25,29,2019-20,Regular Season
22019,1610612756,PHX,Phoenix Suns,21900023,10/25/2019,PHX @ DEN,L,265,107,34,86,0.395,8,28,0.286,31,32,0.969,10,44,54,25,5,1,17,35,-1,2019-20,Regular Season
22019,1610612756,PHX,Phoenix Suns,21900035,10/26/2019,PHX vs. LAC,W,240,130,43,86,0.5,17,43,0.395,27,34,0.794,9,40,49,32,9,3,16,34,8,2019-20,Regular Season
22019,1610612756,PHX,Phoenix Suns,21900049,10/28/2019,PHX vs. UTA,L,241,95,33,80,0.413,13,34,0.382,16,23,0.696,3,37,40,23,7,3,16,31,-1,2019-20,Regular Season
22019,1610612756,PHX,Phoenix Suns,21900065,10/30/2019,PHX @ GSW,W,239,121,44,96,0.458,15,36,0.417,18,21,0.857,13,32,45,33,12,4,16,22,11,2019-20,Regular Season
22019,1610612756,PHX,Phoenix Suns,21900081,11/2/2019,PHX @ MEM,W,239,114,44,88,0.5,14,34,0.412,12,16,0.75,4,28,32,26,9,2,17,20,9,2019-20,Regular Season
22019,1610612756,PHX,Phoenix Suns,21900095,11/4/2019,PHX vs. PHI,W,239,114,41,77,0.532,11,28,0.393,21,27,0.778,5,35,40,24,6,5,19,24,5,2019-20,Regular Season
22019,1610612756,PHX,Phoenix Suns,21900114,11/7/2019,PHX vs. MIA,L,240,108,37,84,0.44,11,32,0.344,23,31,0.742,10,30,40,22,4,3,14,21,-16,2019-20,Regular Season
22019,1610612756,PHX,Phoenix Suns,21900137,11/10/2019,PHX vs. BKN,W,241,138,52,99,0.525,19,42,0.452,15,19,0.789,5,37,42,37,8,7,7,17,26,2019-20,Regular Season
22019,1610612756,PHX,Phoenix Suns,21900151,11/12/2019,PHX vs. LAL,L,240,115,43,91,0.473,16,38,0.421,13,17,0.765,6,33,39,32,3,4,11,22,-8,2019-20,Regular Season
22019,1610612756,PHX,Phoenix Suns,21900165,11/14/2019,PHX vs. ATL,W,241,128,41,85,0.482,15,39,0.385,31,38,0.816,7,32,39,32,6,2,20,24,16,2019-20,Regular Season
22019,1610612756,PHX,Phoenix Suns,21900195,11/18/2019,PHX vs. BOS,L,239,85,33,82,0.402,10,36,0.278,9,12,0.75,8,37,45,22,7,6,19,17,-14,2019-20,Regular Season
22019,1610612756,PHX,Phoenix Suns,21900200,11/19/2019,PHX @ SAC,L,239,116,38,89,0.427,12,36,0.333,28,34,0.824,14,25,39,24,11,4,10,20,-4,2019-20,Regular Season
22019,1610612756,PHX,Phoenix Suns,21900214,11/21/2019,PHX vs. NOP,L,239,121,40,86,0.465,13,31,0.419,28,32,0.875,9,29,38,28,10,3,14,19,-3,2019-20,Regular Season
22019,1610612756,PHX,Phoenix Suns,21900225,11/23/2019,PHX @ MIN,W,239,100,33,96,0.344,10,35,0.286,24,26,0.923,12,44,56,22,9,3,7,17,2,2019-20,Regular Season
22019,1610612756,PHX,Phoenix Suns,21900238,11/24/2019,PHX @ DEN,L,240,104,41,82,0.5,12,35,0.343,10,12,0.833,7,29,36,25,4,2,12,18,-12,2019-20,Regular Season
22019,1610612756,PHX,Phoenix Suns,21900263,11/27/2019,PHX vs. WAS,L,241,132,48,93,0.516,15,38,0.395,21,24,0.875,12,28,40,29,7,6,15,21,-8,2019-20,Regular Season
22019,1610612756,PHX,Phoenix Suns,21900277,11/29/2019,PHX vs. DAL,L,240,113,41,93,0.441,13,38,0.342,18,25,0.72,11,36,47,29,3,3,10,29,-7,2019-20,Regular Season
22019,1610612756,PHX,Phoenix Suns,21900293,12/2/2019,PHX @ CHA,W,240,109,39,88,0.443,9,42,0.214,22,30,0.733,9,28,37,30,12,7,7,21,5,2019-20,Regular Season
22019,1610612756,PHX,Phoenix Suns,21900308,12/4/2019,PHX @ ORL,L,240,114,43,88,0.489,15,33,0.455,13,20,0.65,8,21,29,36,10,0,13,20,-14,2019-20,Regular Season
22019,1610612756,PHX,Phoenix Suns,21900319,12/5/2019,PHX @ NOP,W,265,139,50,106,0.472,14,36,0.389,25,27,0.926,19,32,51,30,16,6,18,29,7,2019-20,Regular Season
22019,1610612756,PHX,Phoenix Suns,21900333,12/7/2019,PHX @ HOU,L,241,109,40,96,0.417,11,35,0.314,18,28,0.643,13,38,51,29,4,3,15,25,-6,2019-20,Regular Season
22019,1610612756,PHX,Phoenix Suns,21900349,12/9/2019,PHX vs. MIN,W,238,125,47,95,0.495,16,40,0.4,15,19,0.789,12,30,42,31,5,5,9,23,16,2019-20,Regular Season
22019,1610612756,PHX,Phoenix Suns,21900363,12/11/2019,PHX vs. MEM,L,240,108,37,93,0.398,9,34,0.265,25,30,0.833,8,36,44,29,6,4,12,20,-7,2019-20,Regular Season
22019,1610612756,PHX,Phoenix Suns,21900380,12/14/2019,PHX vs. SAS,L,266,119,45,103,0.437,10,40,0.25,19,26,0.731,6,53,59,29,5,5,10,24,-2,2019-20,Regular Season
22019,1610612756,PHX,Phoenix Suns,21900400,12/16/2019,PHX vs. POR,L,240,110,41,90,0.456,12,34,0.353,16,19,0.842,11,33,44,31,11,5,20,21,-1,2019-20,Regular Season
22019,1610612756,PHX,Phoenix Suns,21900406,12/17/2019,PHX @ LAC,L,241,99,41,102,0.402,10,35,0.286,7,10,0.7,16,34,50,30,11,3,19,23,-21,2019-20,Regular Season
22019,1610612756,PHX,Phoenix Suns,21900426,12/20/2019,PHX @ OKC,L,240,108,38,87,0.437,11,32,0.344,21,23,0.913,12,25,37,26,9,4,15,29,-18,2019-20,Regular Season
22019,1610612756,PHX,Phoenix Suns,21900437,12/21/2019,PHX vs. HOU,L,241,125,47,91,0.516,8,28,0.286,23,30,0.767,10,31,41,26,5,1,8,18,-14,2019-20,Regular Season
22019,1610612756,PHX,Phoenix Suns,21900451,12/23/2019,PHX vs. DEN,L,240,111,42,87,0.483,13,37,0.351,14,18,0.778,9,29,38,29,10,0,17,19,-2,2019-20,Regular Season
22019,1610612756,PHX,Phoenix Suns,21900471,12/27/2019,PHX @ GSW,L,240,96,35,75,0.467,7,33,0.212,19,24,0.792,11,38,49,22,6,1,26,21,-9,2019-20,Regular Season
22019,1610612756,PHX,Phoenix Suns,21900483,12/28/2019,PHX @ SAC,W,241,112,45,86,0.523,9,26,0.346,13,15,0.867,7,33,40,30,10,2,13,21,2,2019-20,Regular Season
22019,1610612756,PHX,Phoenix Suns,21900496,12/30/2019,PHX @ POR,W,240,122,44,92,0.478,13,23,0.565,21,22,0.955,10,34,44,29,6,4,9,17,6,2019-20,Regular Season
22019,1610612756,PHX,Phoenix Suns,21900507,1/1/2020,PHX @ LAL,L,240,107,42,86,0.488,6,23,0.261,17,23,0.739,11,36,47,32,7,3,14,28,-10,2019-20,Regular Season
22019,1610612756,PHX,Phoenix Suns,21900521,1/3/2020,PHX vs. NYK,W,240,120,42,90,0.467,10,28,0.357,26,33,0.788,9,39,48,28,7,3,10,25,8,2019-20,Regular Season
22019,1610612756,PHX,Phoenix Suns,21900537,1/5/2020,PHX vs. MEM,L,239,114,43,95,0.453,6,26,0.231,22,26,0.846,12,34,46,25,7,4,10,19,-7,2019-20,Regular Season
22019,1610612756,PHX,Phoenix Suns,21900552,1/7/2020,PHX vs. SAC,L,239,103,37,77,0.481,11,35,0.314,18,22,0.818,6,35,41,24,4,2,17,25,-11,2019-20,Regular Season
22019,1610612756,PHX,Phoenix Suns,21900573,1/10/2020,PHX vs. ORL,W,240,98,33,79,0.418,9,28,0.321,23,26,0.885,9,35,44,19,10,8,14,21,4,2019-20,Regular Season
22019,1610612756,PHX,Phoenix Suns,21900590,1/12/2020,PHX vs. CHA,W,240,100,41,82,0.5,7,21,0.333,11,18,0.611,12,39,51,22,8,5,18,19,8,2019-20,Regular Season
22019,1610612756,PHX,Phoenix Suns,21900598,1/14/2020,PHX @ ATL,L,242,110,40,87,0.46,4,20,0.2,26,32,0.813,10,30,40,20,9,6,11,19,-13,2019-20,Regular Season
22019,1610612756,PHX,Phoenix Suns,21900614,1/16/2020,PHX @ NYK,W,239,121,47,92,0.511,12,30,0.4,15,18,0.833,14,39,53,31,11,4,19,22,23,2019-20,Regular Season
22019,1610612756,PHX,Phoenix Suns,21900628,1/18/2020,PHX @ BOS,W,239,123,42,89,0.472,13,31,0.419,26,30,0.867,10,42,52,27,6,6,15,16,4,2019-20,Regular Season
22019,1610612756,PHX,Phoenix Suns,21900650,1/20/2020,PHX vs. SAS,L,240,118,42,80,0.525,8,22,0.364,26,30,0.867,8,35,43,26,3,3,14,19,-2,2019-20,Regular Season
22019,1610612756,PHX,Phoenix Suns,21900664,1/22/2020,PHX vs. IND,L,241,87,30,84,0.357,4,20,0.2,23,26,0.885,9,35,44,13,7,3,13,20,-25,2019-20,Regular Season
22019,1610612756,PHX,Phoenix Suns,21900678,1/24/2020,PHX @ SAS,W,241,103,39,84,0.464,8,29,0.276,17,21,0.81,10,32,42,25,6,4,13,27,4,2019-20,Regular Season
22019,1610612756,PHX,Phoenix Suns,21900690,1/26/2020,PHX @ MEM,L,241,109,35,92,0.38,11,29,0.379,28,35,0.8,12,30,42,23,14,7,17,27,-5,2019-20,Regular Season
22019,1610612756,PHX,Phoenix Suns,21900706,1/28/2020,PHX @ DAL,W,241,133,51,86,0.593,12,28,0.429,19,21,0.905,8,31,39,34,10,4,11,25,29,2019-20,Regular Season
22019,1610612756,PHX,Phoenix Suns,21900725,1/31/2020,PHX vs. OKC,L,239,107,36,76,0.474,9,24,0.375,26,29,0.897,11,29,40,20,6,6,19,25,-4,2019-20,Regular Season
22019,1610612756,PHX,Phoenix Suns,21900739,2/2/2020,PHX @ MIL,L,240,108,41,104,0.394,6,23,0.261,20,23,0.87,15,34,49,20,8,3,10,24,-21,2019-20,Regular Season
22019,1610612756,PHX,Phoenix Suns,21900746,2/3/2020,PHX @ BKN,L,242,97,39,90,0.433,6,17,0.353,13,18,0.722,14,29,43,23,7,6,16,21,-22,2019-20,Regular Season
22019,1610612756,PHX,Phoenix Suns,21900755,2/5/2020,PHX @ DET,L,239,108,42,77,0.545,12,26,0.462,12,15,0.8,7,30,37,29,4,5,15,21,-8,2019-20,Regular Season
22019,1610612756,PHX,Phoenix Suns,21900774,2/7/2020,PHX vs. HOU,W,240,127,43,77,0.558,15,31,0.484,26,27,0.963,10,41,51,29,10,9,23,15,36,2019-20,Regular Season
22019,1610612756,PHX,Phoenix Suns,21900784,2/8/2020,PHX vs. DEN,L,241,108,38,87,0.437,9,32,0.281,23,23,1,11,30,41,25,7,4,13,18,-9,2019-20,Regular Season
22019,1610612756,PHX,Phoenix Suns,21900801,2/10/2020,PHX @ LAL,L,242,100,32,76,0.421,11,31,0.355,25,31,0.806,3,26,29,26,7,2,13,19,-25,2019-20,Regular Season
22019,1610612756,PHX,Phoenix Suns,21900815,2/12/2020,PHX vs. GSW,W,240,112,42,91,0.462,14,37,0.378,14,15,0.933,8,32,40,25,14,4,14,21,6,2019-20,Regular Season
22019,1610612756,PHX,Phoenix Suns,21900829,2/21/2020,PHX @ TOR,L,240,101,38,92,0.413,6,34,0.176,19,23,0.826,10,24,34,29,12,3,17,23,-17,2019-20,Regular Season
22019,1610612756,PHX,Phoenix Suns,21900839,2/22/2020,PHX @ CHI,W,239,112,38,86,0.442,10,30,0.333,26,31,0.839,17,30,47,26,10,4,19,23,8,2019-20,Regular Season
22019,1610612756,PHX,Phoenix Suns,21900855,2/24/2020,PHX @ UTA,W,238,131,49,87,0.563,12,20,0.6,21,24,0.875,11,27,38,33,10,1,13,31,20,2019-20,Regular Season
22019,1610612756,PHX,Phoenix Suns,21900871,2/26/2020,PHX vs. LAC,L,240,92,34,87,0.391,9,34,0.265,15,18,0.833,14,34,48,29,8,3,16,17,-10,2019-20,Regular Season
22019,1610612756,PHX,Phoenix Suns,21900884,2/28/2020,PHX vs. DET,L,241,111,45,75,0.6,9,23,0.391,12,17,0.706,5,33,38,31,9,5,18,14,-2,2019-20,Regular Season
22019,1610612756,PHX,Phoenix Suns,21900894,2/29/2020,PHX vs. GSW,L,240,99,34,83,0.41,12,29,0.414,19,23,0.826,8,32,40,24,3,5,19,25,-16,2019-20,Regular Season
22019,1610612756,PHX,Phoenix Suns,21900914,3/3/2020,PHX vs. TOR,L,239,114,39,85,0.459,15,39,0.385,21,25,0.84,6,29,35,30,6,6,18,22,-9,2019-20,Regular Season
22019,1610612756,PHX,Phoenix Suns,21900938,3/6/2020,PHX vs. POR,W,240,127,45,91,0.495,19,42,0.452,18,19,0.947,15,32,47,29,9,4,12,22,10,2019-20,Regular Season
22019,1610612756,PHX,Phoenix Suns,21900950,3/8/2020,PHX vs. MIL,W,239,140,47,85,0.553,19,43,0.442,27,31,0.871,8,39,47,30,6,4,14,23,9,2019-20,Regular Season
22019,1610612756,PHX,Phoenix Suns,21900966,3/10/2020,PHX @ POR,L,242,105,35,87,0.402,11,32,0.344,24,25,0.96,9,34,43,26,3,5,14,16,-16,2019-20,Regular Season
22019,1610612756,PHX,Phoenix Suns,21901235,7/31/2020,PHX @ WAS,W,241,125,42,80,0.525,11,32,0.344,30,32,0.938,4,33,37,29,10,3,17,24,13,2019-20,Regular Season
22019,1610612756,PHX,Phoenix Suns,21901249,8/2/2020,PHX vs. DAL,W,240,117,42,93,0.452,12,33,0.364,21,23,0.913,6,43,49,22,5,4,11,29,2,2019-20,Regular Season
22019,1610612756,PHX,Phoenix Suns,21901258,8/4/2020,PHX @ LAC,W,241,117,45,96,0.469,17,32,0.531,10,14,0.714,11,33,44,25,5,0,8,21,2,2019-20,Regular Season
22019,1610612756,PHX,Phoenix Suns,21901270,8/6/2020,PHX vs. IND,W,239,114,43,92,0.467,9,34,0.265,19,20,0.95,12,41,53,27,6,4,15,20,15,2019-20,Regular Season
22019,1610612756,PHX,Phoenix Suns,21901283,8/8/2020,PHX @ MIA,W,239,119,44,92,0.478,12,32,0.375,19,20,0.95,12,40,52,27,5,4,11,21,7,2019-20,Regular Season
22019,1610612756,PHX,Phoenix Suns,21901292,8/10/2020,PHX vs. OKC,W,239,128,42,89,0.472,17,34,0.5,27,29,0.931,12,41,53,29,11,7,19,23,27,2019-20,Regular Season
22019,1610612756,PHX,Phoenix Suns,21901299,8/11/2020,PHX @ PHI,W,239,130,49,89,0.551,12,28,0.429,20,21,0.952,11,33,44,28,4,3,7,18,13,2019-20,Regular Season
22019,1610612756,PHX,Phoenix Suns,21901313,8/13/2020,PHX vs. DAL,W,240,128,49,89,0.551,14,34,0.412,16,21,0.762,7,38,45,34,6,4,5,14,26,2019-20,Regular Season
22020,1610612756,PHX,Phoenix Suns,22000004,12/23/2020,PHX vs. DAL,W,241,106,38,79,0.481,11,30,0.367,19,27,0.704,6,42,48,21,7,7,18,26,4,2020-21,Regular Season
22020,1610612756,PHX,Phoenix Suns,22000030,12/26/2020,PHX @ SAC,L,240,103,41,98,0.418,11,44,0.25,10,13,0.769,10,30,40,25,8,5,11,23,-3,2020-21,Regular Season
22020,1610612756,PHX,Phoenix Suns,22000039,12/27/2020,PHX @ SAC,W,239,116,46,94,0.489,14,35,0.4,10,11,0.909,8,36,44,34,6,3,9,20,16,2020-21,Regular Season
22020,1610612756,PHX,Phoenix Suns,22000053,12/29/2020,PHX vs. NOP,W,239,111,37,84,0.44,19,47,0.404,18,19,0.947,12,31,43,24,7,4,10,18,25,2020-21,Regular Season
22020,1610612756,PHX,Phoenix Suns,22000068,12/31/2020,PHX @ UTA,W,240,106,41,84,0.488,17,33,0.515,7,10,0.7,5,36,41,26,5,6,15,17,11,2020-21,Regular Season
22020,1610612756,PHX,Phoenix Suns,22000076,1/1/2021,PHX @ DEN,W,240,106,37,76,0.487,13,35,0.371,19,21,0.905,8,29,37,24,1,4,17,20,3,2020-21,Regular Season
22020,1610612756,PHX,Phoenix Suns,22000091,1/3/2021,PHX vs. LAC,L,240,107,37,75,0.493,10,33,0.303,23,28,0.821,7,33,40,23,4,3,13,22,-5,2020-21,Regular Season
22020,1610612756,PHX,Phoenix Suns,22000115,1/6/2021,PHX vs. TOR,W,240,123,40,83,0.482,21,40,0.525,22,24,0.917,8,33,41,30,4,3,10,23,8,2020-21,Regular Season
22020,1610612756,PHX,Phoenix Suns,22000123,1/8/2021,PHX @ DET,L,265,105,41,91,0.451,17,52,0.327,6,13,0.462,9,41,50,24,10,7,21,25,-5,2020-21,Regular Season
22020,1610612756,PHX,Phoenix Suns,22000135,1/9/2021,PHX @ IND,W,239,125,46,94,0.489,16,41,0.39,17,17,1,4,36,40,33,6,2,2,17,8,2020-21,Regular Season
22020,1610612756,PHX,Phoenix Suns,22000152,1/11/2021,PHX @ WAS,L,239,107,39,87,0.448,4,27,0.148,25,30,0.833,8,34,42,21,3,6,6,22,-21,2020-21,Regular Season
22020,1610612756,PHX,Phoenix Suns,22000208,1/18/2021,PHX @ MEM,L,240,104,40,88,0.455,15,36,0.417,9,16,0.563,12,32,44,30,8,4,18,20,-4,2020-21,Regular Season
22020,1610612756,PHX,Phoenix Suns,22000222,1/20/2021,PHX @ HOU,W,240,109,42,89,0.472,8,34,0.235,17,19,0.895,8,37,45,25,6,11,17,21,6,2020-21,Regular Season
22020,1610612756,PHX,Phoenix Suns,22000238,1/22/2021,PHX vs. DEN,L,266,126,47,94,0.5,17,44,0.386,15,15,1,9,36,45,30,7,4,16,23,-4,2020-21,Regular Season
22020,1610612756,PHX,Phoenix Suns,22000248,1/23/2021,PHX vs. DEN,L,290,112,41,102,0.402,16,53,0.302,14,18,0.778,7,43,50,26,8,4,9,31,-8,2020-21,Regular Season
22020,1610612756,PHX,Phoenix Suns,22000281,1/27/2021,PHX vs. OKC,L,241,97,36,95,0.379,15,43,0.349,10,12,0.833,9,40,49,19,7,3,13,16,-5,2020-21,Regular Season
22020,1610612756,PHX,Phoenix Suns,22000286,1/28/2021,PHX vs. GSW,W,239,114,41,88,0.466,11,32,0.344,21,23,0.913,9,48,57,34,7,1,14,14,21,2020-21,Regular Season
22020,1610612756,PHX,Phoenix Suns,22000303,1/30/2021,PHX @ DAL,W,241,111,37,81,0.457,10,22,0.455,27,31,0.871,9,33,42,22,9,0,13,19,6,2020-21,Regular Season
22020,1610612756,PHX,Phoenix Suns,22000319,2/1/2021,PHX @ DAL,W,239,109,43,92,0.467,13,35,0.371,10,12,0.833,11,34,45,19,7,3,16,24,1,2020-21,Regular Season
22020,1610612756,PHX,Phoenix Suns,22000335,2/3/2021,PHX @ NOP,L,239,101,38,82,0.463,8,35,0.229,17,20,0.85,11,28,39,26,3,6,14,18,-22,2020-21,Regular Season
22020,1610612756,PHX,Phoenix Suns,22000349,2/5/2021,PHX vs. DET,W,242,109,42,85,0.494,12,32,0.375,13,16,0.813,10,40,50,26,7,3,21,26,17,2020-21,Regular Season
22020,1610612756,PHX,Phoenix Suns,22000365,2/7/2021,PHX vs. BOS,W,240,100,40,82,0.488,8,29,0.276,12,12,1,9,41,50,25,4,5,10,15,9,2020-21,Regular Season
22020,1610612756,PHX,Phoenix Suns,22000372,2/8/2021,PHX vs. CLE,W,242,119,47,90,0.522,11,24,0.458,14,19,0.737,14,27,41,29,7,6,10,20,6,2020-21,Regular Season
22020,1610612756,PHX,Phoenix Suns,22000389,2/10/2021,PHX vs. MIL,W,240,125,46,87,0.529,15,31,0.484,18,25,0.72,12,35,47,25,7,2,11,19,1,2020-21,Regular Season
22020,1610612756,PHX,Phoenix Suns,22000406,2/13/2021,PHX vs. PHI,W,240,120,48,79,0.608,10,25,0.4,14,17,0.824,4,28,32,25,8,3,13,24,9,2020-21,Regular Season
22020,1610612756,PHX,Phoenix Suns,22000417,2/14/2021,PHX vs. ORL,W,240,109,41,92,0.446,12,37,0.324,15,16,0.938,11,48,59,24,6,2,8,17,19,2020-21,Regular Season
22020,1610612756,PHX,Phoenix Suns,22000433,2/16/2021,PHX vs. BKN,L,240,124,48,88,0.545,16,37,0.432,12,12,1,4,30,34,28,7,3,6,15,-4,2020-21,Regular Season
22020,1610612756,PHX,Phoenix Suns,22000455,2/19/2021,PHX @ NOP,W,240,132,51,88,0.58,22,39,0.564,8,12,0.667,4,33,37,38,8,4,13,17,18,2020-21,Regular Season
22020,1610612756,PHX,Phoenix Suns,22000462,2/20/2021,PHX @ MEM,W,238,128,46,86,0.535,24,46,0.522,12,13,0.923,5,36,41,35,5,7,10,14,31,2020-21,Regular Season
22020,1610612756,PHX,Phoenix Suns,22000477,2/22/2021,PHX vs. POR,W,239,132,50,99,0.505,16,33,0.485,16,18,0.889,13,30,43,29,6,5,7,13,32,2020-21,Regular Season
22020,1610612756,PHX,Phoenix Suns,22000496,2/24/2021,PHX vs. CHA,L,241,121,44,87,0.506,14,38,0.368,19,27,0.704,7,34,41,26,9,6,14,25,-3,2020-21,Regular Season
22020,1610612756,PHX,Phoenix Suns,22000508,2/26/2021,PHX @ CHI,W,240,106,44,88,0.5,6,22,0.273,12,15,0.8,3,27,30,35,11,4,7,11,9,2020-21,Regular Season
22020,1610612756,PHX,Phoenix Suns,22000526,2/28/2021,PHX @ MIN,W,240,118,44,89,0.494,7,27,0.259,23,24,0.958,8,39,47,27,7,5,16,18,19,2020-21,Regular Season
22020,1610612756,PHX,Phoenix Suns,22000542,3/2/2021,PHX @ LAL,W,240,114,38,77,0.494,16,29,0.552,22,25,0.88,5,30,35,30,5,7,13,16,10,2020-21,Regular Season
22020,1610612756,PHX,Phoenix Suns,22000185,3/4/2021,PHX vs. GSW,W,240,120,49,96,0.51,12,30,0.4,10,13,0.769,12,40,52,31,8,4,16,16,22,2020-21,Regular Season
22020,1610612756,PHX,Phoenix Suns,22000577,3/11/2021,PHX @ POR,W,241,127,49,83,0.59,13,24,0.542,16,19,0.842,5,33,38,28,6,1,13,20,6,2020-21,Regular Season
22020,1610612756,PHX,Phoenix Suns,22000194,3/13/2021,PHX vs. IND,L,240,111,43,91,0.473,12,31,0.387,13,17,0.765,10,30,40,28,9,4,16,17,-11,2020-21,Regular Season
22020,1610612756,PHX,Phoenix Suns,22000607,3/15/2021,PHX vs. MEM,W,239,122,47,83,0.566,12,30,0.4,16,18,0.889,5,37,42,28,7,5,14,19,23,2020-21,Regular Season
22020,1610612756,PHX,Phoenix Suns,22000628,3/18/2021,PHX vs. MIN,L,240,119,45,85,0.529,15,36,0.417,14,19,0.737,9,38,47,29,6,6,22,30,-4,2020-21,Regular Season
22020,1610612756,PHX,Phoenix Suns,22000638,3/19/2021,PHX vs. MIN,W,243,113,43,86,0.5,14,27,0.519,13,17,0.765,6,34,40,29,8,1,18,19,12,2020-21,Regular Season
22020,1610612756,PHX,Phoenix Suns,22000651,3/21/2021,PHX vs. LAL,W,241,111,42,87,0.483,9,32,0.281,18,23,0.783,9,42,51,30,7,6,10,24,17,2020-21,Regular Season
22020,1610612756,PHX,Phoenix Suns,22000664,3/23/2021,PHX @ MIA,W,239,110,45,91,0.495,12,37,0.324,8,9,0.889,8,31,39,29,5,6,6,18,10,2020-21,Regular Season
22020,1610612756,PHX,Phoenix Suns,22000670,3/24/2021,PHX @ ORL,L,239,111,40,90,0.444,11,33,0.333,20,22,0.909,10,37,47,22,9,3,8,15,-1,2020-21,Regular Season
22020,1610612756,PHX,Phoenix Suns,22000684,3/26/2021,PHX @ TOR,W,241,104,43,90,0.478,9,36,0.25,9,9,1,9,38,47,26,4,3,13,16,4,2020-21,Regular Season
22020,1610612756,PHX,Phoenix Suns,22000703,3/28/2021,PHX @ CHA,W,265,101,34,96,0.354,8,40,0.2,25,29,0.862,21,29,50,17,15,2,14,17,4,2020-21,Regular Season
22020,1610612756,PHX,Phoenix Suns,22000171,3/30/2021,PHX vs. ATL,W,240,117,45,88,0.511,12,32,0.375,15,18,0.833,11,38,49,27,6,1,13,14,7,2020-21,Regular Season
22020,1610612756,PHX,Phoenix Suns,22000730,3/31/2021,PHX vs. CHI,W,240,121,46,81,0.568,11,25,0.44,18,24,0.75,4,28,32,29,6,7,9,21,5,2020-21,Regular Season
22020,1610612756,PHX,Phoenix Suns,22000744,4/2/2021,PHX vs. OKC,W,240,140,54,90,0.6,15,33,0.455,17,21,0.81,6,35,41,36,12,8,10,20,37,2020-21,Regular Season
22020,1610612756,PHX,Phoenix Suns,22000768,4/5/2021,PHX @ HOU,W,239,133,44,86,0.512,18,37,0.486,27,31,0.871,6,31,37,29,11,3,11,22,3,2020-21,Regular Season
22020,1610612756,PHX,Phoenix Suns,22000783,4/7/2021,PHX vs. UTA,W,265,117,45,101,0.446,11,34,0.324,16,20,0.8,16,45,61,20,7,5,14,21,4,2020-21,Regular Season
22020,1610612756,PHX,Phoenix Suns,22000788,4/8/2021,PHX @ LAC,L,239,103,36,71,0.507,6,24,0.25,25,30,0.833,9,27,36,20,6,6,14,18,-10,2020-21,Regular Season
22020,1610612756,PHX,Phoenix Suns,22000803,4/10/2021,PHX vs. WAS,W,240,134,55,107,0.514,17,43,0.395,7,7,1,5,40,45,36,8,3,3,18,28,2020-21,Regular Season
22020,1610612756,PHX,Phoenix Suns,22000822,4/12/2021,PHX vs. HOU,W,240,126,45,94,0.479,25,45,0.556,11,18,0.611,12,30,42,33,14,3,13,18,6,2020-21,Regular Season
22020,1610612756,PHX,Phoenix Suns,22000827,4/13/2021,PHX vs. MIA,W,240,106,38,82,0.463,13,42,0.31,17,18,0.944,9,39,48,28,11,2,19,18,20,2020-21,Regular Season
22020,1610612756,PHX,Phoenix Suns,22000843,4/15/2021,PHX vs. SAC,W,240,122,48,86,0.558,14,38,0.368,12,14,0.857,10,29,39,30,9,4,11,18,8,2020-21,Regular Season
22020,1610612756,PHX,Phoenix Suns,22000860,4/17/2021,PHX vs. SAS,L,241,85,36,90,0.4,6,27,0.222,7,16,0.438,15,33,48,19,7,2,14,14,-26,2020-21,Regular Season
22020,1610612756,PHX,Phoenix Suns,22000873,4/19/2021,PHX @ MIL,W,265,128,51,106,0.481,17,42,0.405,9,10,0.9,8,37,45,28,7,4,11,16,1,2020-21,Regular Season
22020,1610612756,PHX,Phoenix Suns,22000883,4/21/2021,PHX @ PHI,W,238,116,41,86,0.477,15,42,0.357,19,21,0.905,10,23,33,30,7,8,8,21,3,2020-21,Regular Season
22020,1610612756,PHX,Phoenix Suns,22000892,4/22/2021,PHX @ BOS,L,241,86,36,88,0.409,6,35,0.171,8,9,0.889,10,28,38,18,10,2,17,23,-13,2020-21,Regular Season
22020,1610612756,PHX,Phoenix Suns,22000912,4/25/2021,PHX @ BKN,L,240,119,43,90,0.478,12,34,0.353,21,25,0.84,15,28,43,22,5,3,12,24,-9,2020-21,Regular Season
22020,1610612756,PHX,Phoenix Suns,22000920,4/26/2021,PHX @ NYK,W,240,118,45,83,0.542,14,34,0.412,14,17,0.824,5,32,37,23,5,6,8,13,8,2020-21,Regular Season
22020,1610612756,PHX,Phoenix Suns,22000941,4/28/2021,PHX vs. LAC,W,240,109,43,91,0.473,13,37,0.351,10,13,0.769,15,30,45,23,9,4,10,11,8,2020-21,Regular Season
22020,1610612756,PHX,Phoenix Suns,22000955,4/30/2021,PHX vs. UTA,W,242,121,48,88,0.545,11,33,0.333,14,19,0.737,8,36,44,27,7,7,11,14,21,2020-21,Regular Season
22020,1610612756,PHX,Phoenix Suns,22000972,5/2/2021,PHX @ OKC,W,240,123,45,84,0.536,12,31,0.387,21,27,0.778,8,31,39,27,9,7,10,17,3,2020-21,Regular Season
22020,1610612756,PHX,Phoenix Suns,22000983,5/4/2021,PHX @ CLE,W,264,134,55,105,0.524,12,31,0.387,12,13,0.923,12,36,48,35,10,11,7,26,16,2020-21,Regular Season
22020,1610612756,PHX,Phoenix Suns,22000992,5/5/2021,PHX @ ATL,L,239,103,33,79,0.418,12,32,0.375,25,29,0.862,10,20,30,19,9,3,9,16,-32,2020-21,Regular Season
22020,1610612756,PHX,Phoenix Suns,22001009,5/7/2021,PHX vs. NYK,W,240,128,43,92,0.467,18,41,0.439,24,25,0.96,7,38,45,26,5,3,5,17,23,2020-21,Regular Season
22020,1610612756,PHX,Phoenix Suns,22001024,5/9/2021,PHX @ LAL,L,240,110,39,73,0.534,11,25,0.44,21,25,0.84,3,29,32,23,8,6,15,29,-13,2020-21,Regular Season
22020,1610612756,PHX,Phoenix Suns,22001039,5/11/2021,PHX @ GSW,L,241,116,41,79,0.519,16,37,0.432,18,20,0.9,6,30,36,26,4,6,10,20,-6,2020-21,Regular Season
22020,1610612756,PHX,Phoenix Suns,22001053,5/13/2021,PHX vs. POR,W,241,118,41,88,0.466,13,32,0.406,23,26,0.885,10,32,42,22,4,3,11,17,1,2020-21,Regular Season
22020,1610612756,PHX,Phoenix Suns,22001065,5/15/2021,PHX @ SAS,W,238,140,52,94,0.553,15,33,0.455,21,22,0.955,7,40,47,32,10,1,10,15,37,2020-21,Regular Season
22020,1610612756,PHX,Phoenix Suns,22001078,5/16/2021,PHX @ SAS,W,240,123,53,104,0.51,13,35,0.371,4,4,1,10,38,48,36,7,5,8,13,2,2020-21,Regular Season
42020,1610612756,PHX,Phoenix Suns,42000151,5/23/2021,PHX vs. LAL,W,240,99,40,86,0.465,9,28,0.321,10,12,0.833,16,31,47,24,7,4,14,20,9,2020-21,Playoffs
42020,1610612756,PHX,Phoenix Suns,42000152,5/25/2021,PHX vs. LAL,L,241,102,33,71,0.465,8,26,0.308,28,30,0.933,4,27,31,21,4,3,13,23,-7,2020-21,Playoffs
42020,1610612756,PHX,Phoenix Suns,42000153,5/27/2021,PHX @ LAL,L,240,95,35,82,0.427,11,29,0.379,14,18,0.778,8,27,35,24,8,6,17,24,-14,2020-21,Playoffs
42020,1610612756,PHX,Phoenix Suns,42000154,5/30/2021,PHX @ LAL,W,241,100,37,85,0.435,10,35,0.286,16,21,0.762,9,40,49,24,12,4,10,20,8,2020-21,Playoffs
42020,1610612756,PHX,Phoenix Suns,42000155,6/1/2021,PHX vs. LAL,W,239,115,43,94,0.457,14,42,0.333,15,21,0.714,3,44,47,29,7,4,4,22,30,2020-21,Playoffs
42020,1610612756,PHX,Phoenix Suns,42000156,6/3/2021,PHX @ LAL,W,241,113,37,73,0.507,18,35,0.514,21,22,0.955,8,34,42,24,5,9,12,17,13,2020-21,Playoffs
42020,1610612756,PHX,Phoenix Suns,42000231,6/7/2021,PHX vs. DEN,W,239,122,46,85,0.541,13,34,0.382,17,20,0.85,7,37,44,30,8,4,10,12,17,2020-21,Playoffs
42020,1610612756,PHX,Phoenix Suns,42000232,6/9/2021,PHX vs. DEN,W,240,123,45,94,0.479,18,38,0.474,15,17,0.882,8,44,52,27,3,4,7,18,25,2020-21,Playoffs
42020,1610612756,PHX,Phoenix Suns,42000233,6/11/2021,PHX @ DEN,W,239,116,43,81,0.531,12,26,0.462,18,20,0.9,4,34,38,26,10,2,12,13,14,2020-21,Playoffs
42020,1610612756,PHX,Phoenix Suns,42000234,6/13/2021,PHX @ DEN,W,241,125,44,85,0.518,8,22,0.364,29,31,0.935,7,41,48,18,6,6,14,21,7,2020-21,Playoffs
42020,1610612756,PHX,Phoenix Suns,42000311,6/20/2021,PHX vs. LAC,W,240,120,49,89,0.551,13,32,0.406,9,9,1,7,36,43,31,5,3,7,16,6,2020-21,Playoffs
42020,1610612756,PHX,Phoenix Suns,42000312,6/22/2021,PHX vs. LAC,W,239,104,41,82,0.5,6,26,0.231,16,18,0.889,7,32,39,24,5,3,9,20,1,2020-21,Playoffs
42020,1610612756,PHX,Phoenix Suns,42000313,6/24/2021,PHX @ LAC,L,240,92,35,90,0.389,10,32,0.313,12,13,0.923,11,32,43,24,5,3,10,19,-14,2020-21,Playoffs
42020,1610612756,PHX,Phoenix Suns,42000314,6/26/2021,PHX @ LAC,W,239,84,31,86,0.36,4,20,0.2,18,21,0.857,17,42,59,16,4,8,14,27,4,2020-21,Playoffs
42020,1610612756,PHX,Phoenix Suns,42000315,6/28/2021,PHX vs. LAC,L,239,102,38,84,0.452,9,26,0.346,17,20,0.85,7,34,41,22,6,1,14,19,-14,2020-21,Playoffs
42020,1610612756,PHX,Phoenix Suns,42000316,6/30/2021,PHX @ LAC,W,241,130,53,94,0.564,17,31,0.548,7,11,0.636,10,37,47,27,5,4,9,21,27,2020-21,Playoffs
42020,1610612756,PHX,Phoenix Suns,42000401,7/6/2021,PHX vs. MIL,W,241,118,41,88,0.466,11,34,0.324,25,26,0.962,6,37,43,18,9,1,9,14,13,2020-21,Playoffs
42020,1610612756,PHX,Phoenix Suns,42000402,7/8/2021,PHX vs. MIL,W,240,118,43,88,0.489,20,40,0.5,12,14,0.857,11,32,43,26,7,2,12,19,10,2020-21,Playoffs
42020,1610612756,PHX,Phoenix Suns,42000403,7/11/2021,PHX @ MIL,L,239,100,40,83,0.482,9,31,0.29,11,16,0.688,6,30,36,21,3,3,14,24,-20,2020-21,Playoffs
42020,1610612756,PHX,Phoenix Suns,42000404,7/14/2021,PHX @ MIL,L,240,103,40,78,0.513,7,23,0.304,16,19,0.842,5,35,40,18,3,9,17,24,-6,2020-21,Playoffs
42020,1610612756,PHX,Phoenix Suns,42000405,7/17/2021,PHX vs. MIL,L,241,119,48,87,0.552,13,19,0.684,10,11,0.909,8,27,35,23,9,5,8,20,-4,2020-21,Playoffs
42020,1610612756,PHX,Phoenix Suns,42000406,7/20/2021,PHX @ MIL,L,239,98,38,86,0.442,6,25,0.24,16,19,0.842,6,31,37,14,11,4,14,21,-7,2020-21,Playoffs
22021,1610612756,PHX,Phoenix Suns,22100012,10/20/2021,PHX vs. DEN,L,240,98,36,87,0.414,14,37,0.378,12,17,0.706,11,34,45,23,9,3,18,18,-12,2021-22,Regular Season
22021,1610612756,PHX,Phoenix Suns,22100025,10/22/2021,PHX @ LAL,W,241,115,42,86,0.488,10,32,0.313,21,28,0.75,7,40,47,31,8,2,11,22,10,2021-22,Regular Season
22021,1610612756,PHX,Phoenix Suns,22100033,10/23/2021,PHX @ POR,L,242,105,43,89,0.483,9,28,0.321,10,15,0.667,7,31,38,27,6,1,14,19,-29,2021-22,Regular Season
22021,1610612756,PHX,Phoenix Suns,22100062,10/27/2021,PHX vs. SAC,L,240,107,42,93,0.452,6,22,0.273,17,24,0.708,14,42,56,23,6,6,11,16,-3,2021-22,Regular Season
22021,1610612756,PHX,Phoenix Suns,22100088,10/30/2021,PHX vs. CLE,W,240,101,39,84,0.464,6,26,0.231,17,27,0.63,8,44,52,27,12,3,13,14,9,2021-22,Regular Season
22021,1610612756,PHX,Phoenix Suns,22100106,11/2/2021,PHX vs. NOP,W,241,112,43,82,0.524,9,26,0.346,17,18,0.944,7,35,42,32,8,4,19,17,12,2021-22,Regular Season
22021,1610612756,PHX,Phoenix Suns,22100122,11/4/2021,PHX vs. HOU,W,241,123,44,93,0.473,14,31,0.452,21,23,0.913,13,33,46,29,12,8,12,24,12,2021-22,Regular Season
22021,1610612756,PHX,Phoenix Suns,22100137,11/6/2021,PHX vs. ATL,W,240,121,45,88,0.511,14,43,0.326,17,21,0.81,5,37,42,26,8,6,12,22,4,2021-22,Regular Season
22021,1610612756,PHX,Phoenix Suns,22100153,11/8/2021,PHX @ SAC,W,240,109,44,93,0.473,12,30,0.4,9,11,0.818,5,33,38,28,14,9,14,21,5,2021-22,Regular Season
22021,1610612756,PHX,Phoenix Suns,22100168,11/10/2021,PHX vs. POR,W,241,119,49,94,0.521,11,28,0.393,10,12,0.833,9,30,39,27,6,6,10,20,10,2021-22,Regular Season
22021,1610612756,PHX,Phoenix Suns,22100178,11/12/2021,PHX @ MEM,W,239,119,46,94,0.489,18,37,0.486,9,9,1,4,42,46,28,12,6,12,22,25,2021-22,Regular Season
22021,1610612756,PHX,Phoenix Suns,22100195,11/14/2021,PHX @ HOU,W,242,115,42,97,0.433,14,40,0.35,17,20,0.85,12,40,52,19,16,7,10,19,26,2021-22,Regular Season
22021,1610612756,PHX,Phoenix Suns,22100206,11/15/2021,PHX @ MIN,W,241,99,32,85,0.376,7,31,0.226,28,36,0.778,14,38,52,21,8,2,15,23,3,2021-22,Regular Season
22021,1610612756,PHX,Phoenix Suns,22100222,11/17/2021,PHX vs. DAL,W,240,105,41,93,0.441,13,39,0.333,10,14,0.714,8,41,49,27,6,7,7,9,7,2021-22,Regular Season
22021,1610612756,PHX,Phoenix Suns,22100237,11/19/2021,PHX vs. DAL,W,242,112,44,85,0.518,14,29,0.483,10,14,0.714,10,43,53,28,7,4,17,22,8,2021-22,Regular Season
22021,1610612756,PHX,Phoenix Suns,22100251,11/21/2021,PHX vs. DEN,W,238,126,46,87,0.529,11,36,0.306,23,26,0.885,10,41,51,34,7,3,11,20,29,2021-22,Regular Season
22021,1610612756,PHX,Phoenix Suns,22100260,11/22/2021,PHX @ SAS,W,240,115,45,88,0.511,12,27,0.444,13,16,0.813,11,33,44,25,10,0,15,18,4,2021-22,Regular Season
22021,1610612756,PHX,Phoenix Suns,22100267,11/24/2021,PHX @ CLE,W,240,120,45,86,0.523,8,22,0.364,22,28,0.786,10,37,47,26,4,2,15,23,5,2021-22,Regular Season
22021,1610612756,PHX,Phoenix Suns,22100282,11/26/2021,PHX @ NYK,W,240,118,44,79,0.557,13,28,0.464,17,21,0.81,1,34,35,28,10,2,11,19,21,2021-22,Regular Season
22021,1610612756,PHX,Phoenix Suns,22100294,11/27/2021,PHX @ BKN,W,240,113,41,92,0.446,13,38,0.342,18,21,0.857,11,30,41,17,11,1,12,17,6,2021-22,Regular Season
22021,1610612756,PHX,Phoenix Suns,22100316,11/30/2021,PHX vs. GSW,W,238,104,43,87,0.494,12,30,0.4,6,11,0.545,8,27,35,28,12,4,12,12,8,2021-22,Regular Season
22021,1610612756,PHX,Phoenix Suns,22100331,12/2/2021,PHX vs. DET,W,239,114,43,79,0.544,12,21,0.571,16,23,0.696,6,38,44,23,8,3,14,20,11,2021-22,Regular Season
22021,1610612756,PHX,Phoenix Suns,22100340,12/3/2021,PHX @ GSW,L,239,96,31,81,0.383,8,22,0.364,26,35,0.743,9,29,38,23,9,3,14,15,-22,2021-22,Regular Season
22021,1610612756,PHX,Phoenix Suns,22100360,12/6/2021,PHX vs. SAS,W,241,108,43,94,0.457,10,29,0.345,12,18,0.667,15,34,49,27,6,4,17,20,4,2021-22,Regular Season
22021,1610612756,PHX,Phoenix Suns,22100390,12/10/2021,PHX vs. BOS,W,241,111,43,96,0.448,14,38,0.368,11,11,1,14,39,53,25,4,9,12,21,21,2021-22,Regular Season
22021,1610612756,PHX,Phoenix Suns,22100412,12/13/2021,PHX @ LAC,L,241,95,36,96,0.375,7,29,0.241,16,19,0.842,13,28,41,22,10,3,10,23,-16,2021-22,Regular Season
22021,1610612756,PHX,Phoenix Suns,22100416,12/14/2021,PHX @ POR,W,264,111,44,93,0.473,11,31,0.355,12,15,0.8,8,41,49,30,7,0,14,24,4,2021-22,Regular Season
22021,1610612756,PHX,Phoenix Suns,22100432,12/16/2021,PHX vs. WAS,W,239,118,42,79,0.532,9,29,0.31,25,26,0.962,9,38,47,25,9,2,19,23,20,2021-22,Regular Season
22021,1610612756,PHX,Phoenix Suns,22100456,12/19/2021,PHX vs. CHA,W,239,137,54,95,0.568,20,41,0.488,9,13,0.692,10,47,57,35,5,8,17,21,31,2021-22,Regular Season
22021,1610612756,PHX,Phoenix Suns,22100469,12/21/2021,PHX @ LAL,W,242,108,41,93,0.441,12,41,0.293,14,15,0.933,8,45,53,29,11,4,16,18,18,2021-22,Regular Season
22021,1610612756,PHX,Phoenix Suns,22100483,12/23/2021,PHX vs. OKC,W,240,113,45,93,0.484,15,39,0.385,8,13,0.615,11,41,52,26,9,8,13,22,12,2021-22,Regular Season
22021,1610612756,PHX,Phoenix Suns,22100490,12/25/2021,PHX vs. GSW,L,241,107,40,83,0.482,11,30,0.367,16,16,1,9,28,37,20,5,2,13,17,-9,2021-22,Regular Season
22021,1610612756,PHX,Phoenix Suns,22100505,12/27/2021,PHX vs. MEM,L,238,113,41,90,0.456,11,31,0.355,20,23,0.87,10,25,35,25,11,2,11,16,-1,2021-22,Regular Season
22021,1610612756,PHX,Phoenix Suns,22100522,12/29/2021,PHX vs. OKC,W,240,115,41,89,0.461,12,34,0.353,21,28,0.75,18,38,56,22,7,7,14,15,18,2021-22,Regular Season
22021,1610612756,PHX,Phoenix Suns,22100529,12/31/2021,PHX @ BOS,L,241,108,41,100,0.41,11,35,0.314,15,16,0.938,15,22,37,20,10,2,9,21,-15,2021-22,Regular Season
22021,1610612756,PHX,Phoenix Suns,22100549,1/2/2022,PHX @ CHA,W,241,133,52,103,0.505,17,41,0.415,12,12,1,14,39,53,36,15,4,17,21,34,2021-22,Regular Season
22021,1610612756,PHX,Phoenix Suns,22100565,1/4/2022,PHX @ NOP,W,238,123,46,85,0.541,17,31,0.548,14,20,0.7,5,37,42,32,7,5,10,24,13,2021-22,Regular Season
22021,1610612756,PHX,Phoenix Suns,22100581,1/6/2022,PHX vs. LAC,W,240,106,44,107,0.411,10,31,0.323,8,10,0.8,21,42,63,22,5,7,8,20,17,2021-22,Regular Season
22021,1610612756,PHX,Phoenix Suns,22100596,1/8/2022,PHX vs. MIA,L,240,100,30,79,0.38,14,34,0.412,26,29,0.897,6,29,35,24,10,1,15,14,-23,2021-22,Regular Season
22021,1610612756,PHX,Phoenix Suns,22100613,1/11/2022,PHX @ TOR,W,241,99,35,74,0.473,11,32,0.344,18,22,0.818,10,29,39,25,10,2,20,23,4,2021-22,Regular Season
22021,1610612756,PHX,Phoenix Suns,22100634,1/14/2022,PHX @ IND,W,239,112,40,88,0.455,11,28,0.393,21,23,0.913,12,39,51,24,8,6,14,18,18,2021-22,Regular Season
22021,1610612756,PHX,Phoenix Suns,22100617,1/16/2022,PHX @ DET,W,240,135,51,87,0.586,11,27,0.407,22,30,0.733,11,40,51,30,4,7,14,26,27,2021-22,Regular Season
22021,1610612756,PHX,Phoenix Suns,22100664,1/17/2022,PHX @ SAS,W,239,121,49,95,0.516,9,32,0.281,14,20,0.7,12,33,45,29,9,5,5,18,14,2021-22,Regular Season
22021,1610612756,PHX,Phoenix Suns,22100682,1/20/2022,PHX @ DAL,W,240,109,39,86,0.453,8,36,0.222,23,25,0.92,5,35,40,25,13,1,7,21,8,2021-22,Regular Season
22021,1610612756,PHX,Phoenix Suns,22100697,1/22/2022,PHX vs. IND,W,241,113,47,96,0.49,7,25,0.28,12,14,0.857,14,37,51,34,11,8,11,19,10,2021-22,Regular Season
22021,1610612756,PHX,Phoenix Suns,22100713,1/24/2022,PHX vs. UTA,W,239,115,47,99,0.475,13,36,0.361,8,15,0.533,18,33,51,28,10,5,14,17,6,2021-22,Regular Season
22021,1610612756,PHX,Phoenix Suns,22100731,1/26/2022,PHX @ UTA,W,241,105,40,82,0.488,7,18,0.389,18,27,0.667,9,35,44,14,6,7,7,20,8,2021-22,Regular Season
22021,1610612756,PHX,Phoenix Suns,22100743,1/28/2022,PHX vs. MIN,W,240,134,43,84,0.512,20,39,0.513,28,37,0.757,10,39,49,36,4,2,12,22,10,2021-22,Regular Season
22021,1610612756,PHX,Phoenix Suns,22100758,1/30/2022,PHX vs. SAS,W,241,115,48,97,0.495,11,32,0.344,8,12,0.667,11,35,46,31,6,5,8,12,5,2021-22,Regular Season
22021,1610612756,PHX,Phoenix Suns,22100772,2/1/2022,PHX vs. BKN,W,239,121,42,76,0.553,11,31,0.355,26,31,0.839,7,30,37,26,8,4,15,19,10,2021-22,Regular Season
22021,1610612756,PHX,Phoenix Suns,22100783,2/3/2022,PHX @ ATL,L,240,115,46,88,0.523,9,32,0.281,14,18,0.778,6,33,39,30,11,2,10,20,-9,2021-22,Regular Season
22021,1610612756,PHX,Phoenix Suns,22100798,2/5/2022,PHX @ WAS,W,242,95,40,99,0.404,8,31,0.258,7,14,0.5,20,44,64,26,6,7,10,16,15,2021-22,Regular Season
22021,1610612756,PHX,Phoenix Suns,22100812,2/7/2022,PHX @ CHI,W,241,127,49,90,0.544,12,32,0.375,17,19,0.895,10,34,44,31,5,5,10,23,3,2021-22,Regular Season
22021,1610612756,PHX,Phoenix Suns,22100815,2/8/2022,PHX @ PHI,W,240,114,43,95,0.453,6,26,0.231,22,24,0.917,11,37,48,27,7,5,8,15,5,2021-22,Regular Season
22021,1610612756,PHX,Phoenix Suns,22100836,2/10/2022,PHX vs. MIL,W,240,131,51,90,0.567,9,30,0.3,20,29,0.69,9,34,43,35,10,2,8,22,24,2021-22,Regular Season
22021,1610612756,PHX,Phoenix Suns,22100855,2/12/2022,PHX vs. ORL,W,240,132,55,105,0.524,15,34,0.441,7,10,0.7,7,45,52,40,8,2,7,19,27,2021-22,Regular Season
22021,1610612756,PHX,Phoenix Suns,22100873,2/15/2022,PHX vs. LAC,W,240,103,44,90,0.489,8,25,0.32,7,10,0.7,12,40,52,30,9,4,16,12,7,2021-22,Regular Season
22021,1610612756,PHX,Phoenix Suns,22100882,2/16/2022,PHX vs. HOU,W,239,124,44,86,0.512,7,24,0.292,29,36,0.806,7,35,42,27,10,7,11,20,3,2021-22,Regular Season
22021,1610612756,PHX,Phoenix Suns,22100893,2/24/2022,PHX @ OKC,W,240,124,46,86,0.535,13,34,0.382,19,21,0.905,3,40,43,32,14,6,15,12,20,2021-22,Regular Season
22021,1610612756,PHX,Phoenix Suns,22100902,2/25/2022,PHX vs. NOP,L,243,102,36,82,0.439,12,40,0.3,18,24,0.75,7,30,37,23,6,8,14,27,-15,2021-22,Regular Season
22021,1610612756,PHX,Phoenix Suns,22100913,2/27/2022,PHX vs. UTA,L,240,114,44,86,0.512,13,28,0.464,13,16,0.813,10,26,36,24,7,5,9,19,-4,2021-22,Regular Season
22021,1610612756,PHX,Phoenix Suns,22100939,3/2/2022,PHX vs. POR,W,241,120,40,80,0.5,14,36,0.389,26,31,0.839,7,39,46,32,14,6,14,21,30,2021-22,Regular Season
22021,1610612756,PHX,Phoenix Suns,22100953,3/4/2022,PHX vs. NYK,W,239,115,38,85,0.447,17,34,0.5,22,27,0.815,3,30,33,28,7,3,9,22,1,2021-22,Regular Season
22021,1610612756,PHX,Phoenix Suns,22100961,3/6/2022,PHX @ MIL,L,241,122,50,93,0.538,14,31,0.452,8,11,0.727,6,21,27,33,8,4,11,20,-10,2021-22,Regular Season
22021,1610612756,PHX,Phoenix Suns,22100977,3/8/2022,PHX @ ORL,W,240,102,35,92,0.38,13,37,0.351,19,23,0.826,7,45,52,24,7,6,10,20,3,2021-22,Regular Season
22021,1610612756,PHX,Phoenix Suns,22100983,3/9/2022,PHX @ MIA,W,242,111,45,99,0.455,11,37,0.297,10,10,1,14,41,55,26,8,5,14,18,21,2021-22,Regular Season
22021,1610612756,PHX,Phoenix Suns,22101003,3/11/2022,PHX vs. TOR,L,240,112,44,88,0.5,11,36,0.306,13,17,0.765,5,35,40,27,7,8,16,23,-5,2021-22,Regular Season
22021,1610612756,PHX,Phoenix Suns,22101019,3/13/2022,PHX vs. LAL,W,240,140,58,102,0.569,12,33,0.364,12,14,0.857,14,37,51,36,12,5,9,24,29,2021-22,Regular Season
22021,1610612756,PHX,Phoenix Suns,22101032,3/15/2022,PHX @ NOP,W,241,131,49,90,0.544,18,34,0.529,15,15,1,6,28,34,35,9,2,8,22,16,2021-22,Regular Season
22021,1610612756,PHX,Phoenix Suns,22101038,3/16/2022,PHX @ HOU,W,240,129,53,95,0.558,13,33,0.394,10,13,0.769,13,36,49,32,5,4,11,18,17,2021-22,Regular Season
22021,1610612756,PHX,Phoenix Suns,22101056,3/18/2022,PHX vs. CHI,W,239,129,47,84,0.56,11,25,0.44,24,26,0.923,10,39,49,23,5,4,11,20,27,2021-22,Regular Season
22021,1610612756,PHX,Phoenix Suns,22101066,3/20/2022,PHX @ SAC,W,264,127,46,92,0.5,12,28,0.429,23,27,0.852,10,40,50,25,12,5,17,30,3,2021-22,Regular Season
22021,1610612756,PHX,Phoenix Suns,22101090,3/23/2022,PHX @ MIN,W,240,125,45,86,0.523,12,33,0.364,23,29,0.793,11,32,43,30,6,9,12,20,9,2021-22,Regular Season
22021,1610612756,PHX,Phoenix Suns,22101099,3/24/2022,PHX @ DEN,W,240,140,52,86,0.605,13,27,0.481,23,29,0.793,5,24,29,32,7,3,8,23,10,2021-22,Regular Season
22021,1610612756,PHX,Phoenix Suns,22101118,3/27/2022,PHX vs. PHI,W,241,114,45,87,0.517,13,27,0.481,11,17,0.647,5,35,40,24,5,5,12,21,10,2021-22,Regular Season
22021,1610612756,PHX,Phoenix Suns,22101145,3/30/2022,PHX @ GSW,W,240,107,38,92,0.413,7,28,0.25,24,30,0.8,12,34,46,20,9,1,14,19,4,2021-22,Regular Season
22021,1610612756,PHX,Phoenix Suns,22101155,4/1/2022,PHX @ MEM,L,240,114,47,86,0.547,10,27,0.37,10,17,0.588,2,37,39,27,8,4,17,25,-8,2021-22,Regular Season
22021,1610612756,PHX,Phoenix Suns,22101174,4/3/2022,PHX @ OKC,L,239,96,37,89,0.416,7,38,0.184,15,17,0.882,6,27,33,22,14,4,11,17,-21,2021-22,Regular Season
22021,1610612756,PHX,Phoenix Suns,22101189,4/5/2022,PHX vs. LAL,W,240,121,50,102,0.49,14,39,0.359,7,9,0.778,11,42,53,38,10,4,14,22,11,2021-22,Regular Season
22021,1610612756,PHX,Phoenix Suns,22101195,4/6/2022,PHX @ LAC,L,241,109,42,108,0.389,17,48,0.354,8,12,0.667,18,36,54,29,11,2,12,26,-4,2021-22,Regular Season
22021,1610612756,PHX,Phoenix Suns,22101210,4/8/2022,PHX @ UTA,W,240,111,46,92,0.5,6,19,0.316,13,15,0.867,11,35,46,27,7,3,13,25,6,2021-22,Regular Season
22021,1610612756,PHX,Phoenix Suns,22101229,4/10/2022,PHX vs. SAC,L,240,109,42,103,0.408,14,47,0.298,11,15,0.733,18,32,50,27,9,7,10,25,-7,2021-22,Regular Season
42021,1610612756,PHX,Phoenix Suns,42100141,4/17/2022,PHX vs. NOP,W,241,110,42,78,0.538,10,28,0.357,16,21,0.762,5,30,35,25,6,9,9,23,11,2021-22,Playoffs
42021,1610612756,PHX,Phoenix Suns,42100142,4/19/2022,PHX vs. NOP,L,239,114,43,86,0.5,13,35,0.371,15,18,0.833,8,25,33,26,9,3,12,18,-11,2021-22,Playoffs
42021,1610612756,PHX,Phoenix Suns,42100143,4/22/2022,PHX @ NOP,W,240,114,44,87,0.506,4,26,0.154,22,27,0.815,9,26,35,26,8,3,5,21,3,2021-22,Playoffs
42021,1610612756,PHX,Phoenix Suns,42100144,4/24/2022,PHX @ NOP,L,239,103,43,85,0.506,7,27,0.259,10,15,0.667,12,27,39,33,6,3,12,28,-15,2021-22,Playoffs
42021,1610612756,PHX,Phoenix Suns,42100145,4/26/2022,PHX vs. NOP,W,241,112,43,86,0.5,10,27,0.37,16,20,0.8,6,34,40,28,10,4,9,25,15,2021-22,Playoffs
42021,1610612756,PHX,Phoenix Suns,42100146,4/28/2022,PHX @ NOP,W,240,115,45,75,0.6,8,20,0.4,17,18,0.944,5,27,32,23,8,2,14,21,6,2021-22,Playoffs
42021,1610612756,PHX,Phoenix Suns,42100221,5/2/2022,PHX vs. DAL,W,239,121,46,91,0.505,11,28,0.393,18,18,1,13,38,51,27,3,6,9,21,7,2021-22,Playoffs
42021,1610612756,PHX,Phoenix Suns,42100222,5/4/2022,PHX vs. DAL,W,239,129,49,76,0.645,13,25,0.52,18,21,0.857,4,30,34,28,6,6,16,28,20,2021-22,Playoffs
42021,1610612756,PHX,Phoenix Suns,42100223,5/6/2022,PHX @ DAL,L,242,94,34,76,0.447,13,28,0.464,13,15,0.867,9,36,45,23,5,1,17,14,-9,2021-22,Playoffs
42021,1610612756,PHX,Phoenix Suns,42100224,5/8/2022,PHX @ DAL,L,241,101,39,84,0.464,9,25,0.36,14,18,0.778,12,32,44,27,4,4,17,25,-10,2021-22,Playoffs
42021,1610612756,PHX,Phoenix Suns,42100225,5/10/2022,PHX vs. DAL,W,240,110,43,87,0.494,12,32,0.375,12,16,0.75,12,38,50,28,10,2,12,23,30,2021-22,Playoffs
42021,1610612756,PHX,Phoenix Suns,42100226,5/12/2022,PHX @ DAL,L,239,86,31,78,0.397,6,18,0.333,18,21,0.857,13,32,45,18,3,2,22,27,-27,2021-22,Playoffs
42021,1610612756,PHX,Phoenix Suns,42100227,5/15/2022,PHX vs. DAL,L,239,90,33,87,0.379,12,34,0.353,12,18,0.667,15,24,39,22,8,4,12,18,-33,2021-22,Playoffs
22022,1610612756,PHX,Phoenix Suns,22200013,10/19/2022,PHX vs. DAL,W,240,107,40,85,0.471,8,22,0.364,19,22,0.864,8,32,40,25,4,5,12,29,2,2022-23,Regular Season
22022,1610612756,PHX,Phoenix Suns,22200027,10/21/2022,PHX @ POR,L,266,111,43,94,0.457,10,27,0.37,15,21,0.714,9,32,41,31,14,1,16,29,-2,2022-23,Regular Season
22022,1610612756,PHX,Phoenix Suns,22200043,10/23/2022,PHX @ LAC,W,240,112,43,93,0.462,15,42,0.357,11,12,0.917,13,36,49,29,5,3,12,18,17,2022-23,Regular Season
22022,1610612756,PHX,Phoenix Suns,22200055,10/25/2022,PHX vs. GSW,W,238,134,47,92,0.511,12,29,0.414,28,34,0.824,14,34,48,31,8,4,13,19,29,2022-23,Regular Season
22022,1610612756,PHX,Phoenix Suns,22200079,10/28/2022,PHX vs. NOP,W,241,124,48,92,0.522,10,33,0.303,18,20,0.9,14,33,47,33,7,7,12,18,13,2022-23,Regular Season
22022,1610612756,PHX,Phoenix Suns,22200094,10/30/2022,PHX vs. HOU,W,239,124,45,84,0.536,12,40,0.3,22,30,0.733,10,26,36,29,9,8,11,22,15,2022-23,Regular Season
22022,1610612756,PHX,Phoenix Suns,22200106,11/1/2022,PHX vs. MIN,W,239,116,41,89,0.461,17,43,0.395,17,22,0.773,7,27,34,31,9,8,9,20,9,2022-23,Regular Season
22022,1610612756,PHX,Phoenix Suns,22200130,11/4/2022,PHX vs. POR,L,240,106,36,83,0.434,14,34,0.412,20,21,0.952,13,26,39,26,8,4,17,22,-2,2022-23,Regular Season
22022,1610612756,PHX,Phoenix Suns,22200139,11/5/2022,PHX vs. POR,W,239,102,35,82,0.427,11,30,0.367,21,28,0.75,11,33,44,22,7,14,14,22,20,2022-23,Regular Season
22022,1610612756,PHX,Phoenix Suns,22200148,11/7/2022,PHX @ PHI,L,242,88,32,73,0.438,6,19,0.316,18,22,0.818,6,31,37,19,8,5,13,24,-12,2022-23,Regular Season
22022,1610612756,PHX,Phoenix Suns,22200167,11/9/2022,PHX @ MIN,W,240,129,47,97,0.485,16,35,0.457,19,20,0.95,10,26,36,31,10,3,11,21,12,2022-23,Regular Season
22022,1610612756,PHX,Phoenix Suns,22200177,11/11/2022,PHX @ ORL,L,239,97,38,95,0.4,13,42,0.31,8,9,0.889,11,27,38,22,7,4,11,14,-17,2022-23,Regular Season
22022,1610612756,PHX,Phoenix Suns,22200202,11/14/2022,PHX @ MIA,L,241,112,48,99,0.485,14,36,0.389,2,4,0.5,20,25,45,22,9,4,11,22,-1,2022-23,Regular Season
22022,1610612756,PHX,Phoenix Suns,22200220,11/16/2022,PHX vs. GSW,W,241,130,44,86,0.512,21,40,0.525,21,25,0.84,8,39,47,33,5,8,15,22,11,2022-23,Regular Season
22022,1610612756,PHX,Phoenix Suns,22200232,11/18/2022,PHX @ UTA,L,242,133,49,94,0.521,9,30,0.3,26,28,0.929,12,30,42,29,7,6,14,25,-1,2022-23,Regular Season
22022,1610612756,PHX,Phoenix Suns,22200240,11/20/2022,PHX vs. NYK,W,240,116,43,101,0.426,17,39,0.436,13,18,0.722,22,38,60,35,3,8,13,22,21,2022-23,Regular Season
22022,1610612756,PHX,Phoenix Suns,22200259,11/22/2022,PHX vs. LAL,W,240,115,48,102,0.471,16,34,0.471,3,5,0.6,8,41,49,23,8,7,15,22,10,2022-23,Regular Season
22022,1610612756,PHX,Phoenix Suns,22200283,11/25/2022,PHX vs. DET,W,240,108,42,87,0.483,7,29,0.241,17,26,0.654,11,32,43,25,7,7,13,18,6,2022-23,Regular Season
22022,1610612756,PHX,Phoenix Suns,22200289,11/26/2022,PHX vs. UTA,W,239,113,42,92,0.457,6,22,0.273,23,30,0.767,18,30,48,23,8,6,6,20,1,2022-23,Regular Season
22022,1610612756,PHX,Phoenix Suns,22200307,11/28/2022,PHX @ SAC,W,240,122,50,94,0.532,10,32,0.313,12,14,0.857,11,34,45,26,9,7,17,20,5,2022-23,Regular Season
22022,1610612756,PHX,Phoenix Suns,22200321,11/30/2022,PHX vs. CHI,W,240,132,49,93,0.527,15,33,0.455,19,21,0.905,10,36,46,22,3,5,13,28,19,2022-23,Regular Season
22022,1610612756,PHX,Phoenix Suns,22200334,12/2/2022,PHX vs. HOU,L,240,121,45,85,0.529,17,37,0.459,14,19,0.737,9,28,37,30,9,5,17,28,-1,2022-23,Regular Season
22022,1610612756,PHX,Phoenix Suns,22200345,12/4/2022,PHX @ SAS,W,240,133,49,94,0.521,19,37,0.514,16,20,0.8,14,31,45,38,5,0,11,18,38,2022-23,Regular Season
22022,1610612756,PHX,Phoenix Suns,22200358,12/5/2022,PHX @ DAL,L,242,111,40,91,0.44,13,37,0.351,18,26,0.692,13,28,41,28,5,5,11,16,-19,2022-23,Regular Season
22022,1610612756,PHX,Phoenix Suns,22200373,12/7/2022,PHX vs. BOS,L,240,98,37,93,0.398,8,32,0.25,16,19,0.842,13,36,49,19,5,4,18,17,-27,2022-23,Regular Season
22022,1610612756,PHX,Phoenix Suns,22200384,12/9/2022,PHX @ NOP,L,241,117,43,86,0.5,22,44,0.5,9,13,0.692,8,29,37,30,6,3,16,25,-11,2022-23,Regular Season
22022,1610612756,PHX,Phoenix Suns,22200395,12/11/2022,PHX @ NOP,L,266,124,49,105,0.467,13,38,0.342,13,17,0.765,19,23,42,34,7,5,14,24,-5,2022-23,Regular Season
22022,1610612756,PHX,Phoenix Suns,22200411,12/13/2022,PHX @ HOU,L,240,97,33,103,0.32,13,51,0.255,18,19,0.947,18,26,44,22,13,7,9,24,-14,2022-23,Regular Season
22022,1610612756,PHX,Phoenix Suns,22200427,12/15/2022,PHX @ LAC,W,240,111,44,95,0.463,9,32,0.281,14,18,0.778,15,38,53,27,8,8,8,18,16,2022-23,Regular Season
22022,1610612756,PHX,Phoenix Suns,22200444,12/17/2022,PHX vs. NOP,W,239,118,39,83,0.47,15,41,0.366,25,35,0.714,10,25,35,23,6,3,8,13,4,2022-23,Regular Season
22022,1610612756,PHX,Phoenix Suns,22200459,12/19/2022,PHX vs. LAL,W,239,130,46,93,0.495,20,39,0.513,18,24,0.75,15,36,51,21,10,5,8,16,26,2022-23,Regular Season
22022,1610612756,PHX,Phoenix Suns,22200464,12/20/2022,PHX vs. WAS,L,239,110,41,89,0.461,13,32,0.406,15,19,0.789,15,29,44,26,2,1,14,23,-3,2022-23,Regular Season
22022,1610612756,PHX,Phoenix Suns,22200490,12/23/2022,PHX vs. MEM,L,241,100,38,87,0.437,9,35,0.257,15,26,0.577,11,24,35,23,6,5,14,26,-25,2022-23,Regular Season
22022,1610612756,PHX,Phoenix Suns,22200497,12/25/2022,PHX @ DEN,L,264,125,45,94,0.479,17,35,0.486,18,26,0.692,12,34,46,32,7,9,13,30,-3,2022-23,Regular Season
22022,1610612756,PHX,Phoenix Suns,22200510,12/27/2022,PHX @ MEM,W,240,125,43,87,0.494,17,31,0.548,22,25,0.88,15,32,47,26,7,9,19,23,17,2022-23,Regular Season
22022,1610612756,PHX,Phoenix Suns,22200516,12/28/2022,PHX @ WAS,L,240,102,39,87,0.448,13,31,0.419,11,16,0.688,11,19,30,25,7,4,11,21,-25,2022-23,Regular Season
22022,1610612756,PHX,Phoenix Suns,22200531,12/30/2022,PHX @ TOR,L,239,104,35,71,0.493,14,30,0.467,20,23,0.87,9,33,42,26,7,1,25,17,-9,2022-23,Regular Season
22022,1610612756,PHX,Phoenix Suns,22200550,1/2/2023,PHX @ NYK,L,240,83,34,87,0.391,10,37,0.27,5,7,0.714,5,31,36,22,4,0,8,17,-19,2022-23,Regular Season
22022,1610612756,PHX,Phoenix Suns,22200565,1/4/2023,PHX @ CLE,L,240,88,32,81,0.395,10,28,0.357,14,18,0.778,8,41,49,24,8,3,13,19,-2,2022-23,Regular Season
22022,1610612756,PHX,Phoenix Suns,22200589,1/6/2023,PHX vs. MIA,L,240,96,34,82,0.415,6,23,0.261,22,25,0.88,8,36,44,22,5,2,14,20,-8,2022-23,Regular Season
22022,1610612756,PHX,Phoenix Suns,22200603,1/8/2023,PHX vs. CLE,L,240,98,37,84,0.44,14,26,0.538,10,11,0.909,6,30,36,22,7,2,16,14,-14,2022-23,Regular Season
22022,1610612756,PHX,Phoenix Suns,22200615,1/10/2023,PHX @ GSW,W,240,125,41,90,0.456,14,31,0.452,29,31,0.935,19,38,57,26,5,7,21,22,12,2022-23,Regular Season
22022,1610612756,PHX,Phoenix Suns,22200624,1/11/2023,PHX @ DEN,L,240,97,39,90,0.433,9,32,0.281,10,14,0.714,15,29,44,28,4,2,16,17,-29,2022-23,Regular Season
22022,1610612756,PHX,Phoenix Suns,22200637,1/13/2023,PHX @ MIN,L,239,116,41,86,0.477,14,23,0.609,20,24,0.833,9,34,43,28,10,3,19,20,-5,2022-23,Regular Season
22022,1610612756,PHX,Phoenix Suns,22200663,1/16/2023,PHX @ MEM,L,239,106,39,89,0.438,10,33,0.303,18,19,0.947,9,28,37,33,4,4,15,22,-30,2022-23,Regular Season
22022,1610612756,PHX,Phoenix Suns,22200681,1/19/2023,PHX vs. BKN,W,240,117,39,85,0.459,11,28,0.393,28,41,0.683,12,37,49,30,4,3,16,23,5,2022-23,Regular Season
22022,1610612756,PHX,Phoenix Suns,22200697,1/21/2023,PHX vs. IND,W,239,112,38,91,0.418,12,31,0.387,24,35,0.686,14,41,55,27,9,8,15,20,5,2022-23,Regular Season
22022,1610612756,PHX,Phoenix Suns,22200703,1/22/2023,PHX vs. MEM,W,240,112,39,88,0.443,13,35,0.371,21,25,0.84,6,34,40,25,10,5,16,26,2,2022-23,Regular Season
22022,1610612756,PHX,Phoenix Suns,22200718,1/24/2023,PHX vs. CHA,W,240,128,47,94,0.5,22,39,0.564,12,13,0.923,15,40,55,38,3,10,17,21,31,2022-23,Regular Season
22022,1610612756,PHX,Phoenix Suns,22200734,1/26/2023,PHX vs. DAL,L,239,95,35,86,0.407,13,32,0.406,12,16,0.75,13,37,50,24,4,6,7,21,-4,2022-23,Regular Season
22022,1610612756,PHX,Phoenix Suns,22200748,1/28/2023,PHX @ SAS,W,266,128,50,103,0.485,8,24,0.333,20,26,0.769,17,35,52,31,7,6,9,19,10,2022-23,Regular Season
22022,1610612756,PHX,Phoenix Suns,22200762,1/30/2023,PHX vs. TOR,W,240,114,43,87,0.494,11,28,0.393,17,21,0.81,13,29,42,28,10,4,12,16,8,2022-23,Regular Season
22022,1610612756,PHX,Phoenix Suns,22200777,2/1/2023,PHX vs. ATL,L,241,100,35,86,0.407,4,28,0.143,26,31,0.839,12,32,44,22,8,4,16,13,-32,2022-23,Regular Season
22022,1610612756,PHX,Phoenix Suns,22200788,2/3/2023,PHX @ BOS,W,240,106,41,95,0.432,12,32,0.375,12,14,0.857,10,43,53,28,6,6,8,22,12,2022-23,Regular Season
22022,1610612756,PHX,Phoenix Suns,22200794,2/4/2023,PHX @ DET,W,241,116,42,75,0.56,11,23,0.478,21,31,0.677,10,36,46,34,10,2,16,23,16,2022-23,Regular Season
22022,1610612756,PHX,Phoenix Suns,22200817,2/7/2023,PHX @ BKN,W,241,116,43,92,0.467,9,31,0.29,21,28,0.75,16,32,48,31,10,4,15,24,4,2022-23,Regular Season
22022,1610612756,PHX,Phoenix Suns,22200832,2/9/2023,PHX @ ATL,L,241,107,39,86,0.453,7,30,0.233,22,29,0.759,9,26,35,24,14,10,10,19,-9,2022-23,Regular Season
22022,1610612756,PHX,Phoenix Suns,22200836,2/10/2023,PHX @ IND,W,240,117,43,93,0.462,10,33,0.303,21,24,0.875,19,34,53,25,13,2,15,24,13,2022-23,Regular Season
22022,1610612756,PHX,Phoenix Suns,22200870,2/14/2023,PHX vs. SAC,W,239,120,50,88,0.568,7,22,0.318,13,16,0.813,8,29,37,33,12,4,13,17,11,2022-23,Regular Season
22022,1610612756,PHX,Phoenix Suns,22200885,2/16/2023,PHX vs. LAC,L,240,107,42,89,0.472,11,31,0.355,12,16,0.75,7,31,38,30,10,2,12,24,-9,2022-23,Regular Season
22022,1610612756,PHX,Phoenix Suns,22200899,2/24/2023,PHX vs. OKC,W,240,124,42,90,0.467,14,38,0.368,26,32,0.813,15,39,54,23,5,5,11,22,9,2022-23,Regular Season
22022,1610612756,PHX,Phoenix Suns,22200910,2/26/2023,PHX @ MIL,L,241,101,40,95,0.421,8,24,0.333,13,22,0.591,19,36,55,21,4,5,12,22,-3,2022-23,Regular Season
22022,1610612756,PHX,Phoenix Suns,22200933,3/1/2023,PHX @ CHA,W,240,105,42,89,0.472,9,25,0.36,12,15,0.8,5,43,48,30,8,9,12,22,14,2022-23,Regular Season
22022,1610612756,PHX,Phoenix Suns,22200950,3/3/2023,PHX @ CHI,W,241,125,42,84,0.5,20,47,0.426,21,25,0.84,13,28,41,29,6,7,9,20,21,2022-23,Regular Season
22022,1610612756,PHX,Phoenix Suns,22200962,3/5/2023,PHX @ DAL,W,240,130,49,89,0.551,12,34,0.353,20,25,0.8,9,32,41,27,5,2,9,28,4,2022-23,Regular Season
22022,1610612756,PHX,Phoenix Suns,22200990,3/8/2023,PHX vs. OKC,W,240,132,49,94,0.521,20,43,0.465,14,16,0.875,14,40,54,31,10,7,14,17,31,2022-23,Regular Season
22022,1610612756,PHX,Phoenix Suns,22201013,3/11/2023,PHX vs. SAC,L,241,119,44,89,0.494,13,44,0.295,18,22,0.818,7,33,40,30,11,3,14,26,-9,2022-23,Regular Season
22022,1610612756,PHX,Phoenix Suns,22201025,3/13/2023,PHX @ GSW,L,240,112,46,95,0.484,4,21,0.19,16,22,0.727,17,30,47,25,8,4,14,23,-11,2022-23,Regular Season
22022,1610612756,PHX,Phoenix Suns,22201033,3/14/2023,PHX vs. MIL,L,239,104,41,95,0.432,8,23,0.348,14,16,0.875,8,33,41,23,7,3,11,26,-12,2022-23,Regular Season
22022,1610612756,PHX,Phoenix Suns,22201046,3/16/2023,PHX vs. ORL,W,240,116,43,90,0.478,13,35,0.371,17,17,1,7,28,35,26,7,5,14,22,3,2022-23,Regular Season
22022,1610612756,PHX,Phoenix Suns,22201064,3/19/2023,PHX @ OKC,L,239,120,44,92,0.478,15,36,0.417,17,24,0.708,9,31,40,31,7,9,14,31,-4,2022-23,Regular Season
22022,1610612756,PHX,Phoenix Suns,22201092,3/22/2023,PHX @ LAL,L,242,111,42,90,0.467,12,31,0.387,15,20,0.75,12,27,39,23,7,6,17,31,-11,2022-23,Regular Season
22022,1610612756,PHX,Phoenix Suns,22201105,3/24/2023,PHX @ SAC,L,242,127,48,89,0.539,9,29,0.31,22,29,0.759,12,31,43,33,2,7,12,25,-8,2022-23,Regular Season
22022,1610612756,PHX,Phoenix Suns,22201110,3/25/2023,PHX vs. PHI,W,241,125,47,93,0.505,15,32,0.469,16,19,0.842,13,32,45,35,4,9,7,22,20,2022-23,Regular Season
22022,1610612756,PHX,Phoenix Suns,22201125,3/27/2023,PHX @ UTA,W,240,117,43,101,0.426,11,36,0.306,20,22,0.909,18,31,49,31,7,7,6,20,14,2022-23,Regular Season
22022,1610612756,PHX,Phoenix Suns,22201144,3/29/2023,PHX vs. MIN,W,241,107,40,96,0.417,6,20,0.3,21,27,0.778,15,33,48,23,11,8,8,16,7,2022-23,Regular Season
22022,1610612756,PHX,Phoenix Suns,22201160,3/31/2023,PHX vs. DEN,W,240,100,37,88,0.42,10,27,0.37,16,21,0.762,13,38,51,28,8,7,16,16,7,2022-23,Regular Season
22022,1610612756,PHX,Phoenix Suns,22201172,4/2/2023,PHX @ OKC,W,239,128,46,81,0.568,13,34,0.382,23,28,0.821,5,33,38,31,4,6,13,30,10,2022-23,Regular Season
22022,1610612756,PHX,Phoenix Suns,22201188,4/4/2023,PHX vs. SAS,W,241,115,43,89,0.483,10,33,0.303,19,26,0.731,15,42,57,25,7,7,13,12,21,2022-23,Regular Season
22022,1610612756,PHX,Phoenix Suns,22201201,4/6/2023,PHX vs. DEN,W,239,119,41,79,0.519,17,36,0.472,20,25,0.8,7,26,33,26,4,6,10,16,4,2022-23,Regular Season
22022,1610612756,PHX,Phoenix Suns,22201212,4/7/2023,PHX @ LAL,L,240,107,43,104,0.413,9,36,0.25,12,14,0.857,13,34,47,23,7,10,9,12,-14,2022-23,Regular Season
22022,1610612756,PHX,Phoenix Suns,22201229,4/9/2023,PHX vs. LAC,L,240,114,42,99,0.424,14,37,0.378,16,22,0.727,12,35,47,29,4,3,7,21,-5,2022-23,Regular Season
42022,1610612756,PHX,Phoenix Suns,42200171,4/16/2023,PHX vs. LAC,L,242,110,39,82,0.476,6,19,0.316,26,33,0.788,6,36,42,27,8,9,10,25,-5,2022-23,Playoffs
42022,1610612756,PHX,Phoenix Suns,42200172,4/18/2023,PHX vs. LAC,W,241,123,50,85,0.588,10,24,0.417,13,14,0.929,7,28,35,30,6,6,11,22,14,2022-23,Playoffs
42022,1610612756,PHX,Phoenix Suns,42200173,4/20/2023,PHX @ LAC,W,241,129,42,88,0.477,10,27,0.37,35,46,0.761,15,30,45,20,12,4,13,18,5,2022-23,Playoffs
42022,1610612756,PHX,Phoenix Suns,42200174,4/22/2023,PHX @ LAC,W,241,112,41,84,0.488,9,22,0.409,21,27,0.778,14,35,49,25,10,8,13,14,12,2022-23,Playoffs
42022,1610612756,PHX,Phoenix Suns,42200175,4/25/2023,PHX vs. LAC,W,240,136,51,94,0.543,13,26,0.5,21,24,0.875,11,32,43,31,7,4,7,27,6,2022-23,Playoffs
42022,1610612756,PHX,Phoenix Suns,42200221,4/29/2023,PHX @ DEN,L,238,107,43,84,0.512,7,23,0.304,14,17,0.824,8,30,38,20,4,5,16,19,-18,2022-23,Playoffs
42022,1610612756,PHX,Phoenix Suns,42200222,5/1/2023,PHX @ DEN,L,240,87,38,95,0.4,6,31,0.194,5,5,1,11,28,39,23,2,4,9,25,-10,2022-23,Playoffs
42022,1610612756,PHX,Phoenix Suns,42200223,5/5/2023,PHX vs. DEN,W,241,121,48,95,0.505,9,28,0.321,16,18,0.889,7,34,41,24,5,6,9,24,7,2022-23,Playoffs
42022,1610612756,PHX,Phoenix Suns,42200224,5/7/2023,PHX vs. DEN,W,240,129,46,81,0.568,13,29,0.448,24,29,0.828,12,25,37,28,6,4,13,24,5,2022-23,Playoffs
42022,1610612756,PHX,Phoenix Suns,42200225,5/9/2023,PHX @ DEN,L,240,102,38,88,0.432,9,27,0.333,17,24,0.708,8,34,42,22,6,7,10,22,-16,2022-23,Playoffs
42022,1610612756,PHX,Phoenix Suns,42200226,5/11/2023,PHX vs. DEN,L,243,100,38,79,0.481,11,28,0.393,13,20,0.65,2,27,29,20,3,5,14,22,-25,2022-23,Playoffs
22023,1610612756,PHX,Phoenix Suns,22300062,10/24/2023,PHX @ GSW,W,241,108,42,95,0.442,11,33,0.333,13,17,0.765,17,43,60,23,5,7,19,22,4,2023-24,Regular Season
22023,1610612756,PHX,Phoenix Suns,22300076,10/26/2023,PHX @ LAL,L,240,95,34,81,0.42,9,31,0.29,18,23,0.783,10,39,49,16,7,3,20,21,-5,2023-24,Regular Season
22023,1610612756,PHX,Phoenix Suns,22300094,10/28/2023,PHX vs. UTA,W,241,126,45,85,0.529,10,37,0.27,26,28,0.929,7,32,39,31,10,7,11,19,22,2023-24,Regular Season
22023,1610612756,PHX,Phoenix Suns,22300113,10/31/2023,PHX vs. SAS,L,239,114,42,83,0.506,18,39,0.462,12,15,0.8,6,37,43,29,8,7,19,18,-1,2023-24,Regular Season
22023,1610612756,PHX,Phoenix Suns,22300131,11/2/2023,PHX vs. SAS,L,241,121,43,80,0.538,16,32,0.5,19,26,0.731,5,29,34,26,5,4,14,15,-11,2023-24,Regular Season
22023,1610612756,PHX,Phoenix Suns,22300132,11/4/2023,PHX @ PHI,L,241,100,32,89,0.36,9,35,0.257,27,33,0.818,15,27,42,22,11,12,10,11,-12,2023-24,Regular Season
22023,1610612756,PHX,Phoenix Suns,22300140,11/5/2023,PHX @ DET,W,243,120,43,86,0.5,8,21,0.381,26,29,0.897,14,29,43,29,8,10,18,13,14,2023-24,Regular Season
22023,1610612756,PHX,Phoenix Suns,22300162,11/8/2023,PHX @ CHI,W,264,116,38,90,0.422,19,48,0.396,21,25,0.84,13,41,54,32,7,10,21,20,1,2023-24,Regular Season
22023,1610612756,PHX,Phoenix Suns,22300015,11/10/2023,PHX vs. LAL,L,242,119,42,94,0.447,15,37,0.405,20,27,0.741,17,35,52,22,9,1,13,24,-3,2023-24,Regular Season
22023,1610612756,PHX,Phoenix Suns,22300185,11/12/2023,PHX vs. OKC,L,240,99,32,83,0.386,9,29,0.31,26,31,0.839,16,35,51,20,4,7,17,19,-12,2023-24,Regular Season
22023,1610612756,PHX,Phoenix Suns,22300197,11/15/2023,PHX vs. MIN,W,241,133,51,85,0.6,17,31,0.548,14,15,0.933,5,27,32,31,1,4,9,21,18,2023-24,Regular Season
22023,1610612756,PHX,Phoenix Suns,22300035,11/17/2023,PHX @ UTA,W,240,131,45,86,0.523,18,33,0.545,23,26,0.885,5,31,36,35,5,4,8,22,3,2023-24,Regular Season
22023,1610612756,PHX,Phoenix Suns,22300214,11/19/2023,PHX @ UTA,W,290,140,50,102,0.49,18,45,0.4,22,26,0.846,11,33,44,36,11,13,17,28,3,2023-24,Regular Season
22023,1610612756,PHX,Phoenix Suns,22300041,11/21/2023,PHX vs. POR,W,239,120,43,76,0.566,7,17,0.412,27,28,0.964,11,27,38,26,8,8,13,18,13,2023-24,Regular Season
22023,1610612756,PHX,Phoenix Suns,22300236,11/22/2023,PHX vs. GSW,W,241,123,34,76,0.447,11,28,0.393,44,52,0.846,11,32,43,22,9,8,15,22,8,2023-24,Regular Season
22023,1610612756,PHX,Phoenix Suns,22300044,11/24/2023,PHX @ MEM,W,240,110,39,76,0.513,11,31,0.355,21,28,0.75,7,34,41,22,10,6,12,12,21,2023-24,Regular Season
22023,1610612756,PHX,Phoenix Suns,22300247,11/26/2023,PHX @ NYK,W,241,116,42,91,0.462,16,38,0.421,16,21,0.762,18,29,47,27,4,11,11,25,3,2023-24,Regular Season
22023,1610612756,PHX,Phoenix Suns,22300260,11/29/2023,PHX @ TOR,L,242,105,38,94,0.404,7,26,0.269,22,23,0.957,12,35,47,25,3,5,9,15,-7,2023-24,Regular Season
22023,1610612756,PHX,Phoenix Suns,22300279,12/1/2023,PHX vs. DEN,L,240,111,39,84,0.464,9,27,0.333,24,26,0.923,8,35,43,22,4,9,12,17,-8,2023-24,Regular Season
22023,1610612756,PHX,Phoenix Suns,22300288,12/2/2023,PHX vs. MEM,W,240,116,36,83,0.434,9,26,0.346,35,43,0.814,12,32,44,24,10,5,16,21,7,2023-24,Regular Season
22023,1610612756,PHX,Phoenix Suns,22301203,12/5/2023,PHX @ LAL,L,241,103,37,75,0.493,12,25,0.48,17,21,0.81,8,36,44,25,8,5,20,21,-3,2023-24,Regular Season
22023,1610612756,PHX,Phoenix Suns,22301228,12/8/2023,PHX vs. SAC,L,241,106,40,83,0.482,11,32,0.344,15,23,0.652,8,32,40,26,8,5,11,19,-8,2023-24,Regular Season
22023,1610612756,PHX,Phoenix Suns,22300308,12/12/2023,PHX vs. GSW,W,240,119,38,84,0.452,14,39,0.359,29,34,0.853,7,34,41,27,8,7,14,22,3,2023-24,Regular Season
22023,1610612756,PHX,Phoenix Suns,22300317,12/13/2023,PHX vs. BKN,L,240,112,40,84,0.476,9,28,0.321,23,27,0.852,14,35,49,28,5,4,12,20,-4,2023-24,Regular Season
22023,1610612756,PHX,Phoenix Suns,22300333,12/15/2023,PHX vs. NYK,L,242,122,47,90,0.522,11,28,0.393,17,21,0.81,10,23,33,30,4,3,11,17,-17,2023-24,Regular Season
22023,1610612756,PHX,Phoenix Suns,22300347,12/17/2023,PHX vs. WAS,W,238,112,41,90,0.456,7,31,0.226,23,30,0.767,13,41,54,29,8,6,17,16,4,2023-24,Regular Season
22023,1610612756,PHX,Phoenix Suns,22300363,12/19/2023,PHX @ POR,L,240,104,42,94,0.447,5,23,0.217,15,21,0.714,14,33,47,23,10,6,13,15,-5,2023-24,Regular Season
22023,1610612756,PHX,Phoenix Suns,22300387,12/22/2023,PHX @ SAC,L,240,105,39,88,0.443,5,25,0.2,22,28,0.786,15,30,45,19,8,4,15,19,-15,2023-24,Regular Season
22023,1610612756,PHX,Phoenix Suns,22300405,12/25/2023,PHX vs. DAL,L,240,114,40,90,0.444,14,41,0.341,20,25,0.8,14,33,47,28,5,2,15,21,-14,2023-24,Regular Season
22023,1610612756,PHX,Phoenix Suns,22300418,12/27/2023,PHX @ HOU,W,240,129,47,82,0.573,14,33,0.424,21,26,0.808,8,36,44,28,4,11,19,17,16,2023-24,Regular Season
22023,1610612756,PHX,Phoenix Suns,22300436,12/29/2023,PHX vs. CHA,W,240,133,46,74,0.622,18,30,0.6,23,24,0.958,6,33,39,34,3,11,14,14,14,2023-24,Regular Season
22023,1610612756,PHX,Phoenix Suns,22300450,12/31/2023,PHX vs. ORL,W,241,112,44,88,0.5,8,27,0.296,16,19,0.842,6,29,35,21,11,4,6,17,5,2023-24,Regular Season
22023,1610612756,PHX,Phoenix Suns,22300456,1/1/2024,PHX vs. POR,W,241,109,38,80,0.475,11,29,0.379,22,33,0.667,9,38,47,24,10,5,16,20,21,2023-24,Regular Season
22023,1610612756,PHX,Phoenix Suns,22300473,1/3/2024,PHX vs. LAC,L,240,122,42,79,0.532,15,35,0.429,23,26,0.885,10,22,32,23,9,2,16,23,-10,2023-24,Regular Season
22023,1610612756,PHX,Phoenix Suns,22300489,1/5/2024,PHX vs. MIA,W,240,113,44,87,0.506,14,35,0.4,11,17,0.647,9,35,44,30,13,5,9,18,16,2023-24,Regular Season
22023,1610612756,PHX,Phoenix Suns,22300503,1/7/2024,PHX vs. MEM,L,238,115,46,102,0.451,8,28,0.286,15,22,0.682,16,34,50,29,5,6,12,27,-4.2,2023-24,Regular Season
22023,1610612756,PHX,Phoenix Suns,22300511,1/8/2024,PHX @ LAC,L,240,111,38,77,0.494,10,30,0.333,25,29,0.862,5,20,25,17,6,4,14,20,-27.6,2023-24,Regular Season
22023,1610612756,PHX,Phoenix Suns,22300531,1/11/2024,PHX @ LAL,W,241,127,46,93,0.495,14,39,0.359,21,23,0.913,13,33,46,23,12,3,12,16,18,2023-24,Regular Season
22023,1610612756,PHX,Phoenix Suns,22300554,1/14/2024,PHX @ POR,W,239,127,46,76,0.605,13,28,0.464,22,27,0.815,7,34,41,27,7,5,12,20,11,2023-24,Regular Season
22023,1610612756,PHX,Phoenix Suns,22300567,1/16/2024,PHX vs. SAC,W,239,119,42,85,0.494,17,37,0.459,18,20,0.9,8,38,46,32,7,6,16,15,2,2023-24,Regular Season
22023,1610612756,PHX,Phoenix Suns,22300588,1/19/2024,PHX @ NOP,W,241,123,46,93,0.495,15,41,0.366,16,21,0.762,7,41,48,32,7,3,8,17,14,2023-24,Regular Season
22023,1610612756,PHX,Phoenix Suns,22300604,1/21/2024,PHX vs. IND,W,240,117,47,82,0.573,8,25,0.32,15,18,0.833,6,38,44,25,7,5,16,24,7,2023-24,Regular Season
22023,1610612756,PHX,Phoenix Suns,22300612,1/22/2024,PHX vs. CHI,W,242,115,44,85,0.518,14,34,0.412,13,17,0.765,5,34,39,32,5,5,7,13,2,2023-24,Regular Season
22023,1610612756,PHX,Phoenix Suns,22300625,1/24/2024,PHX @ DAL,W,241,132,51,85,0.6,14,34,0.412,16,22,0.727,11,38,49,30,10,4,15,20,23,2023-24,Regular Season
22023,1610612756,PHX,Phoenix Suns,22300636,1/26/2024,PHX @ IND,L,238,131,51,89,0.573,13,30,0.433,16,18,0.889,7,31,38,24,8,5,20,17,-2,2023-24,Regular Season
22023,1610612756,PHX,Phoenix Suns,22300655,1/28/2024,PHX @ ORL,L,240,98,41,73,0.562,4,14,0.286,12,21,0.571,6,33,39,19,4,5,22,19,-15,2023-24,Regular Season
22023,1610612756,PHX,Phoenix Suns,22300661,1/29/2024,PHX @ MIA,W,241,118,46,94,0.489,14,40,0.35,12,17,0.706,10,37,47,30,8,8,7,16,13,2023-24,Regular Season
22023,1610612756,PHX,Phoenix Suns,22300677,1/31/2024,PHX @ BKN,W,240,136,49,79,0.62,14,28,0.5,24,32,0.75,9,33,42,35,5,6,15,12,16,2023-24,Regular Season
22023,1610612756,PHX,Phoenix Suns,22300690,2/2/2024,PHX @ ATL,L,240,120,47,88,0.534,14,37,0.378,12,14,0.857,8,30,38,31,6,5,16,17,-9,2023-24,Regular Season
22023,1610612756,PHX,Phoenix Suns,22300705,2/4/2024,PHX @ WAS,W,241,140,54,88,0.614,11,25,0.44,21,26,0.808,9,33,42,33,13,6,17,12,28,2023-24,Regular Season
22023,1610612756,PHX,Phoenix Suns,22300725,2/6/2024,PHX vs. MIL,W,240,114,44,87,0.506,8,28,0.286,18,27,0.667,8,41,49,17,8,5,13,19,8,2023-24,Regular Season
22023,1610612756,PHX,Phoenix Suns,22300739,2/8/2024,PHX vs. UTA,W,238,129,52,88,0.591,14,29,0.483,11,16,0.688,5,32,37,37,10,7,12,22,14,2023-24,Regular Season
22023,1610612756,PHX,Phoenix Suns,22300757,2/10/2024,PHX @ GSW,L,238,112,43,94,0.457,11,34,0.324,15,16,0.938,9,33,42,28,9,8,14,13,-1,2023-24,Regular Season
22023,1610612756,PHX,Phoenix Suns,22300774,2/13/2024,PHX vs. SAC,W,239,130,44,85,0.518,13,31,0.419,29,36,0.806,7,32,39,29,11,6,12,16,5,2023-24,Regular Season
22023,1610612756,PHX,Phoenix Suns,22300787,2/14/2024,PHX vs. DET,W,240,116,35,77,0.455,10,31,0.323,36,44,0.818,9,45,54,28,15,11,23,20,16,2023-24,Regular Season
22023,1610612756,PHX,Phoenix Suns,22300796,2/22/2024,PHX @ DAL,L,240,113,40,83,0.482,15,36,0.417,18,24,0.75,11,30,41,20,7,4,16,21,-10,2023-24,Regular Season
22023,1610612756,PHX,Phoenix Suns,22300806,2/23/2024,PHX @ HOU,L,240,110,38,95,0.4,7,31,0.226,27,35,0.771,19,39,58,23,10,8,10,20,-4,2023-24,Regular Season
22023,1610612756,PHX,Phoenix Suns,22300818,2/25/2024,PHX vs. LAL,W,239,123,44,93,0.473,17,40,0.425,18,19,0.947,14,37,51,32,6,9,12,12,10,2023-24,Regular Season
22023,1610612756,PHX,Phoenix Suns,22300854,2/29/2024,PHX vs. HOU,W,240,110,36,89,0.404,13,37,0.351,25,37,0.676,14,37,51,20,6,6,14,21,5,2023-24,Regular Season
22023,1610612756,PHX,Phoenix Suns,22300870,3/2/2024,PHX vs. HOU,L,239,109,39,85,0.459,9,29,0.31,22,29,0.759,9,38,47,23,6,6,19,17,-9,2023-24,Regular Season
22023,1610612756,PHX,Phoenix Suns,22300878,3/3/2024,PHX vs. OKC,L,240,110,40,91,0.44,14,39,0.359,16,18,0.889,15,35,50,26,2,7,21,15,-8,2023-24,Regular Season
22023,1610612756,PHX,Phoenix Suns,22300893,3/5/2024,PHX @ DEN,W,266,117,42,96,0.438,15,34,0.441,18,22,0.818,11,41,52,32,9,7,9,19,10,2023-24,Regular Season
22023,1610612756,PHX,Phoenix Suns,22300905,3/7/2024,PHX vs. TOR,W,240,120,44,86,0.512,15,35,0.429,17,20,0.85,10,39,49,29,6,6,14,16,7,2023-24,Regular Season
22023,1610612756,PHX,Phoenix Suns,22300920,3/9/2024,PHX vs. BOS,L,239,107,44,87,0.506,9,31,0.29,10,16,0.625,10,31,41,21,6,1,14,14,-10,2023-24,Regular Season
22023,1610612756,PHX,Phoenix Suns,22300934,3/11/2024,PHX @ CLE,W,240,117,46,84,0.548,12,32,0.375,13,19,0.684,12,30,42,23,8,6,14,18,6,2023-24,Regular Season
22023,1610612756,PHX,Phoenix Suns,22300955,3/14/2024,PHX @ BOS,L,241,112,47,99,0.475,11,31,0.355,7,10,0.7,19,32,51,27,4,3,13,12,-15,2023-24,Regular Season
22023,1610612756,PHX,Phoenix Suns,22300961,3/15/2024,PHX @ CHA,W,240,107,40,87,0.46,11,38,0.289,16,20,0.8,10,47,57,31,3,3,10,20,11,2023-24,Regular Season
22023,1610612756,PHX,Phoenix Suns,22300976,3/17/2024,PHX @ MIL,L,240,129,51,87,0.586,14,33,0.424,13,15,0.867,7,32,39,36,7,5,12,16,-11,2023-24,Regular Season
22023,1610612756,PHX,Phoenix Suns,22301002,3/20/2024,PHX vs. PHI,W,240,115,45,90,0.5,19,39,0.487,6,8,0.75,14,41,55,34,7,12,23,18,13,2023-24,Regular Season
22023,1610612756,PHX,Phoenix Suns,22301010,3/21/2024,PHX vs. ATL,W,240,128,41,74,0.554,22,41,0.537,24,27,0.889,7,31,38,28,4,11,17,19,13,2023-24,Regular Season
22023,1610612756,PHX,Phoenix Suns,22301025,3/23/2024,PHX @ SAS,W,242,131,56,94,0.596,11,24,0.458,8,10,0.8,7,32,39,38,11,5,8,18,25,2023-24,Regular Season
22023,1610612756,PHX,Phoenix Suns,22301039,3/25/2024,PHX @ SAS,L,239,102,42,83,0.506,10,28,0.357,8,14,0.571,5,42,47,28,5,7,14,14,-2,2023-24,Regular Season
22023,1610612756,PHX,Phoenix Suns,22301059,3/27/2024,PHX @ DEN,W,240,104,39,83,0.47,16,33,0.485,10,11,0.909,12,39,51,29,3,7,16,13,7,2023-24,Regular Season
22023,1610612756,PHX,Phoenix Suns,22301069,3/29/2024,PHX @ OKC,L,242,103,39,87,0.448,13,41,0.317,12,15,0.8,13,26,39,26,6,6,14,15,-25,2023-24,Regular Season
22023,1610612756,PHX,Phoenix Suns,22301092,4/1/2024,PHX @ NOP,W,239,124,43,87,0.494,18,47,0.383,20,25,0.8,16,33,49,29,7,6,12,21,13,2023-24,Regular Season
22023,1610612756,PHX,Phoenix Suns,22301110,4/3/2024,PHX vs. CLE,W,238,122,44,87,0.506,18,33,0.545,16,17,0.941,8,35,43,32,11,2,15,17,21,2023-24,Regular Season
22023,1610612756,PHX,Phoenix Suns,22301125,4/5/2024,PHX vs. MIN,W,240,97,33,76,0.434,9,26,0.346,22,29,0.759,7,42,49,29,12,3,18,19,10,2023-24,Regular Season
22023,1610612756,PHX,Phoenix Suns,22301138,4/7/2024,PHX vs. NOP,L,240,105,39,87,0.448,14,39,0.359,13,14,0.929,9,29,38,30,7,8,15,17,-8,2023-24,Regular Season
22023,1610612756,PHX,Phoenix Suns,22301156,4/9/2024,PHX vs. LAC,L,239,92,30,89,0.337,8,35,0.229,24,28,0.857,8,30,38,17,16,7,8,13,-13,2023-24,Regular Season
22023,1610612756,PHX,Phoenix Suns,22301165,4/10/2024,PHX @ LAC,W,238,124,46,95,0.484,18,50,0.36,14,15,0.933,9,39,48,29,8,6,13,13,16,2023-24,Regular Season
22023,1610612756,PHX,Phoenix Suns,22301185,4/12/2024,PHX @ SAC,W,240,108,40,76,0.526,12,32,0.375,16,17,0.941,6,35,41,25,4,4,18,16,1,2023-24,Regular Season
22023,1610612756,PHX,Phoenix Suns,22301194,4/14/2024,PHX @ MIN,W,244,125,47,86,0.547,16,29,0.552,15,18,0.833,13,19,32,28,13,3,12,24,19,2023-24,Regular Season
42023,1610612756,PHX,Phoenix Suns,42300161,4/20/2024,PHX @ MIN,L,242,95,33,75,0.44,9,28,0.321,20,25,0.8,3,25,28,16,9,6,15,19,-25,2023-24,Playoffs
42023,1610612756,PHX,Phoenix Suns,42300162,4/23/2024,PHX @ MIN,L,238,93,35,78,0.449,8,22,0.364,15,19,0.789,11,30,41,19,7,1,19,22,-12,2023-24,Playoffs
42023,1610612756,PHX,Phoenix Suns,42300163,4/26/2024,PHX vs. MIN,L,238,109,35,76,0.461,11,28,0.393,28,32,0.875,5,23,28,24,8,3,9,26,-17,2023-24,Playoffs
42023,1610612756,PHX,Phoenix Suns,42300164,4/28/2024,PHX vs. MIN,L,239,116,38,74,0.514,10,26,0.385,30,36,0.833,10,23,33,20,6,7,11,26,-6,2023-24,Playoffs
22024,1610612756,PHX,Phoenix Suns,22400071,10/23/2024,PHX @ LAC,W,264,116,38,78,0.487,15,38,0.395,25,34,0.735,4,38,42,25,12,9,22,23,3,2024-25,Regular Season
22024,1610612756,PHX,Phoenix Suns,22400085,10/25/2024,PHX @ LAL,L,239,116,42,82,0.512,17,37,0.459,15,17,0.882,5,29,34,35,8,4,16,26,-7,2024-25,Regular Season
22024,1610612756,PHX,Phoenix Suns,22400095,10/26/2024,PHX vs. DAL,W,239,114,36,80,0.45,14,39,0.359,28,37,0.757,7,40,47,26,3,4,11,17,12,2024-25,Regular Season
22024,1610612756,PHX,Phoenix Suns,22400111,10/28/2024,PHX vs. LAL,W,239,109,40,87,0.46,11,36,0.306,18,20,0.9,9,37,46,21,7,11,10,22,4,2024-25,Regular Season
22024,1610612756,PHX,Phoenix Suns,22400131,10/31/2024,PHX @ LAC,W,240,125,42,82,0.512,18,39,0.462,23,28,0.821,8,31,39,29,12,4,12,20,6,2024-25,Regular Season
22024,1610612756,PHX,Phoenix Suns,22400149,11/2/2024,PHX vs. POR,W,242,103,35,93,0.376,17,52,0.327,16,22,0.727,13,50,63,29,4,8,12,10,6,2024-25,Regular Season
22024,1610612756,PHX,Phoenix Suns,22400167,11/4/2024,PHX vs. PHI,W,240,118,42,82,0.512,11,32,0.344,23,26,0.885,9,34,43,24,6,4,14,16,2,2024-25,Regular Season
22024,1610612756,PHX,Phoenix Suns,22400178,11/6/2024,PHX vs. MIA,W,240,115,42,84,0.5,18,43,0.419,13,18,0.722,10,36,46,29,5,6,16,14,3,2024-25,Regular Season
22024,1610612756,PHX,Phoenix Suns,22400190,11/8/2024,PHX @ DAL,W,240,114,43,86,0.5,15,39,0.385,13,18,0.722,11,26,37,26,6,2,8,18,1,2024-25,Regular Season
22024,1610612756,PHX,Phoenix Suns,22400209,11/10/2024,PHX vs. SAC,L,264,118,44,105,0.419,18,57,0.316,12,15,0.8,8,40,48,30,11,3,11,19,-9,2024-25,Regular Season
22024,1610612756,PHX,Phoenix Suns,22400006,11/12/2024,PHX @ UTA,W,240,120,43,86,0.5,18,39,0.462,16,22,0.727,10,32,42,21,6,11,8,11,8,2024-25,Regular Season
22024,1610612756,PHX,Phoenix Suns,22400227,11/13/2024,PHX @ SAC,L,240,104,36,97,0.371,13,43,0.302,19,26,0.731,19,21,40,23,12,2,10,12,-23,2024-25,Regular Season
22024,1610612756,PHX,Phoenix Suns,22400018,11/15/2024,PHX @ OKC,L,238,83,22,75,0.293,9,37,0.243,30,40,0.75,11,39,50,17,6,4,14,20,-16,2024-25,Regular Season
22024,1610612756,PHX,Phoenix Suns,22400234,11/17/2024,PHX @ MIN,L,240,117,46,85,0.541,14,31,0.452,11,15,0.733,12,29,41,29,9,2,19,26,-3,2024-25,Regular Season
22024,1610612756,PHX,Phoenix Suns,22400249,11/18/2024,PHX vs. ORL,L,239,99,35,83,0.422,12,41,0.293,17,25,0.68,16,29,45,25,5,2,13,21,-10,2024-25,Regular Season
22024,1610612756,PHX,Phoenix Suns,22400257,11/20/2024,PHX vs. NYK,L,242,122,45,92,0.489,19,50,0.38,13,17,0.765,11,23,34,30,9,2,14,16,-16,2024-25,Regular Season
22024,1610612756,PHX,Phoenix Suns,22400039,11/26/2024,PHX vs. LAL,W,239,127,51,99,0.515,17,42,0.405,8,10,0.8,8,38,46,31,9,3,9,18,27,2024-25,Regular Season
22024,1610612756,PHX,Phoenix Suns,22400297,11/27/2024,PHX vs. BKN,L,241,117,41,77,0.532,12,31,0.387,23,28,0.821,3,34,37,25,7,5,17,26,-10,2024-25,Regular Season
22024,1610612756,PHX,Phoenix Suns,22400303,11/30/2024,PHX vs. GSW,W,239,113,38,79,0.481,18,35,0.514,19,22,0.864,6,39,45,31,4,9,12,13,8,2024-25,Regular Season
22024,1610612756,PHX,Phoenix Suns,22400057,12/3/2024,PHX vs. SAS,W,240,104,38,78,0.487,11,32,0.344,17,21,0.81,2,42,44,26,10,5,12,16,11,2024-25,Regular Season
22024,1610612756,PHX,Phoenix Suns,22400330,12/5/2024,PHX @ NOP,L,240,124,43,85,0.506,17,45,0.378,21,26,0.808,10,36,46,32,10,3,17,15,-2,2024-25,Regular Season
22024,1610612756,PHX,Phoenix Suns,22400346,12/7/2024,PHX @ MIA,L,239,111,36,82,0.439,16,41,0.39,23,25,0.92,13,28,41,29,8,3,14,20,-10,2024-25,Regular Season
22024,1610612756,PHX,Phoenix Suns,22400352,12/8/2024,PHX @ ORL,L,239,110,39,83,0.47,13,28,0.464,19,22,0.864,9,30,39,24,7,6,19,24,-5,2024-25,Regular Season
22024,1610612756,PHX,Phoenix Suns,22401214,12/13/2024,PHX @ UTA,W,239,134,47,89,0.528,22,45,0.489,18,20,0.9,9,28,37,36,10,7,7,18,8,2024-25,Regular Season
22024,1610612756,PHX,Phoenix Suns,22401219,12/15/2024,PHX vs. POR,W,239,116,43,89,0.483,15,39,0.385,15,19,0.789,12,34,46,23,7,2,11,13,7,2024-25,Regular Season
22024,1610612756,PHX,Phoenix Suns,22400369,12/19/2024,PHX vs. IND,L,240,111,40,82,0.488,9,30,0.3,22,28,0.786,7,37,44,28,6,4,16,20,-9,2024-25,Regular Season
22024,1610612756,PHX,Phoenix Suns,22400387,12/21/2024,PHX vs. DET,L,240,125,45,78,0.577,14,29,0.483,21,23,0.913,6,29,35,30,9,1,19,21,-8,2024-25,Regular Season
22024,1610612756,PHX,Phoenix Suns,22400402,12/23/2024,PHX @ DEN,L,241,90,33,83,0.398,13,33,0.394,11,15,0.733,9,30,39,23,6,5,13,13,-27,2024-25,Regular Season
22024,1610612756,PHX,Phoenix Suns,22400409,12/25/2024,PHX vs. DEN,W,241,110,41,88,0.466,11,36,0.306,17,20,0.85,12,30,42,31,12,4,7,17,10,2024-25,Regular Season
22024,1610612756,PHX,Phoenix Suns,22400425,12/27/2024,PHX vs. DAL,L,241,89,32,83,0.386,13,35,0.371,12,18,0.667,12,30,42,23,11,7,13,17,-9,2024-25,Regular Season
22024,1610612756,PHX,Phoenix Suns,22400431,12/28/2024,PHX @ GSW,L,241,105,39,92,0.424,9,35,0.257,18,22,0.818,14,32,46,21,7,12,13,13,-4,2024-25,Regular Season
22024,1610612756,PHX,Phoenix Suns,22400453,12/31/2024,PHX vs. MEM,L,240,112,42,92,0.457,9,30,0.3,19,25,0.76,10,33,43,28,9,10,17,25,-5,2024-25,Regular Season
22024,1610612756,PHX,Phoenix Suns,22400480,1/4/2025,PHX @ IND,L,242,108,38,78,0.487,12,30,0.4,20,21,0.952,5,31,36,30,3,7,11,14,-18,2024-25,Regular Season
22024,1610612756,PHX,Phoenix Suns,22400494,1/6/2025,PHX @ PHI,W,240,109,41,81,0.506,14,31,0.452,13,19,0.684,4,40,44,32,7,4,12,18,10,2024-25,Regular Season
22024,1610612756,PHX,Phoenix Suns,22400502,1/7/2025,PHX @ CHA,L,240,104,39,92,0.424,8,33,0.242,18,19,0.947,8,34,42,27,3,4,11,23,-11,2024-25,Regular Season
22024,1610612756,PHX,Phoenix Suns,22400522,1/9/2025,PHX vs. ATL,W,239,123,49,85,0.576,13,33,0.394,12,15,0.8,12,30,42,33,7,6,16,15,8,2024-25,Regular Season
22024,1610612756,PHX,Phoenix Suns,22400533,1/11/2025,PHX vs. UTA,W,240,114,44,86,0.512,13,37,0.351,13,19,0.684,12,26,38,26,9,4,11,17,8,2024-25,Regular Season
22024,1610612756,PHX,Phoenix Suns,22400547,1/12/2025,PHX vs. CHA,W,239,120,42,87,0.483,17,41,0.415,19,22,0.864,8,31,39,31,9,6,12,17,7,2024-25,Regular Season
22024,1610612756,PHX,Phoenix Suns,22400556,1/14/2025,PHX @ ATL,L,240,117,43,84,0.512,13,35,0.371,18,27,0.667,6,31,37,28,10,4,13,17,-5,2024-25,Regular Season
22024,1610612756,PHX,Phoenix Suns,22400573,1/16/2025,PHX @ WAS,W,240,130,44,85,0.518,16,33,0.485,26,31,0.839,10,37,47,33,10,4,16,23,7,2024-25,Regular Season
22024,1610612756,PHX,Phoenix Suns,22400586,1/18/2025,PHX @ DET,W,239,125,43,86,0.5,7,25,0.28,32,40,0.8,13,37,50,25,6,3,9,24,4,2024-25,Regular Season
22024,1610612756,PHX,Phoenix Suns,22400603,1/20/2025,PHX @ CLE,L,242,92,36,77,0.468,10,26,0.385,10,13,0.769,1,33,34,22,3,5,17,20,-26,2024-25,Regular Season
22024,1610612756,PHX,Phoenix Suns,22400613,1/22/2025,PHX @ BKN,W,241,108,42,88,0.477,14,41,0.341,10,13,0.769,11,37,48,28,9,1,11,12,24,2024-25,Regular Season
22024,1610612756,PHX,Phoenix Suns,22400645,1/25/2025,PHX vs. WAS,W,241,119,40,90,0.444,13,40,0.325,26,28,0.929,12,41,53,23,4,4,10,11,10,2024-25,Regular Season
22024,1610612756,PHX,Phoenix Suns,22400659,1/27/2025,PHX vs. LAC,W,239,111,40,85,0.471,22,47,0.468,9,11,0.818,11,28,39,23,10,5,17,17,2,2024-25,Regular Season
22024,1610612756,PHX,Phoenix Suns,22400672,1/29/2025,PHX vs. MIN,L,240,113,43,85,0.506,12,32,0.375,15,20,0.75,10,26,36,30,7,6,15,25,-8,2024-25,Regular Season
22024,1610612756,PHX,Phoenix Suns,22400685,1/31/2025,PHX @ GSW,W,240,130,50,89,0.562,19,39,0.487,11,16,0.688,4,44,48,41,7,7,14,20,25,2024-25,Regular Season
22024,1610612756,PHX,Phoenix Suns,22400694,2/1/2025,PHX @ POR,L,240,108,38,84,0.452,10,33,0.303,22,26,0.846,11,26,37,21,5,2,18,21,-19,2024-25,Regular Season
22024,1610612756,PHX,Phoenix Suns,22400709,2/3/2025,PHX @ POR,L,266,119,40,85,0.471,15,42,0.357,24,28,0.857,10,33,43,28,12,5,14,21,-2,2024-25,Regular Season
22024,1610612756,PHX,Phoenix Suns,22400724,2/5/2025,PHX @ OKC,L,238,109,33,70,0.471,14,36,0.389,29,33,0.879,3,32,35,24,3,2,18,17,-31,2024-25,Regular Season
22024,1610612756,PHX,Phoenix Suns,22400740,2/7/2025,PHX vs. UTA,W,265,135,47,104,0.452,22,56,0.393,19,21,0.905,12,37,49,31,6,15,7,17,8,2024-25,Regular Season
22024,1610612756,PHX,Phoenix Suns,22400749,2/8/2025,PHX vs. DEN,L,238,105,38,98,0.388,17,50,0.34,12,15,0.8,17,26,43,25,5,6,6,15,-17,2024-25,Regular Season
22024,1610612756,PHX,Phoenix Suns,22400767,2/11/2025,PHX vs. MEM,L,240,112,41,92,0.446,12,44,0.273,18,22,0.818,7,35,42,35,8,9,11,17,-7,2024-25,Regular Season
22024,1610612756,PHX,Phoenix Suns,22400779,2/12/2025,PHX @ HOU,L,239,111,46,89,0.517,10,26,0.385,9,11,0.818,11,32,43,25,7,5,17,19,-8,2024-25,Regular Season
22024,1610612756,PHX,Phoenix Suns,22400795,2/20/2025,PHX @ SAS,L,241,109,38,81,0.469,16,44,0.364,17,20,0.85,5,34,39,28,6,4,18,21,-11,2024-25,Regular Season
22024,1610612756,PHX,Phoenix Suns,22400806,2/22/2025,PHX @ CHI,W,240,121,43,89,0.483,10,30,0.333,25,28,0.893,8,41,49,29,7,3,11,11,4,2024-25,Regular Season
22024,1610612756,PHX,Phoenix Suns,22400816,2/23/2025,PHX @ TOR,L,239,109,43,85,0.506,7,28,0.25,16,22,0.727,4,33,37,22,9,7,11,19,-18,2024-25,Regular Season
22024,1610612756,PHX,Phoenix Suns,22400832,2/25/2025,PHX @ MEM,L,266,148,53,99,0.535,21,37,0.568,21,26,0.808,8,38,46,39,6,6,16,25,-3,2024-25,Regular Season
22024,1610612756,PHX,Phoenix Suns,22400848,2/27/2025,PHX vs. NOP,L,242,116,44,94,0.468,20,53,0.377,8,10,0.8,14,38,52,29,4,6,10,15,-8,2024-25,Regular Season
22024,1610612756,PHX,Phoenix Suns,22400857,2/28/2025,PHX vs. NOP,W,241,125,47,79,0.595,21,40,0.525,10,13,0.769,5,30,35,35,6,3,15,18,17,2024-25,Regular Season
22024,1610612756,PHX,Phoenix Suns,22400873,3/2/2025,PHX vs. MIN,L,242,98,35,80,0.438,13,42,0.31,15,19,0.789,10,47,57,24,2,7,20,16,-18,2024-25,Regular Season
22024,1610612756,PHX,Phoenix Suns,22400889,3/4/2025,PHX vs. LAC,W,241,119,41,80,0.513,14,34,0.412,23,27,0.852,7,30,37,31,5,3,11,20,2,2024-25,Regular Season
22024,1610612756,PHX,Phoenix Suns,22400909,3/7/2025,PHX @ DEN,L,266,141,51,91,0.56,16,38,0.421,23,29,0.793,7,32,39,36,6,2,11,18,-8,2024-25,Regular Season
22024,1610612756,PHX,Phoenix Suns,22400921,3/9/2025,PHX @ DAL,W,241,125,49,84,0.583,10,28,0.357,17,18,0.944,6,40,46,33,4,4,11,10,9,2024-25,Regular Season
22024,1610612756,PHX,Phoenix Suns,22400935,3/10/2025,PHX @ MEM,L,239,118,41,90,0.456,20,38,0.526,16,22,0.727,15,31,46,31,6,2,16,22,-2,2024-25,Regular Season
22024,1610612756,PHX,Phoenix Suns,22400949,3/12/2025,PHX @ HOU,L,239,104,39,73,0.534,10,28,0.357,16,20,0.8,5,32,37,22,7,8,16,18,-7,2024-25,Regular Season
22024,1610612756,PHX,Phoenix Suns,22400967,3/14/2025,PHX vs. SAC,W,238,122,41,79,0.519,24,43,0.558,16,19,0.842,7,27,34,33,12,3,11,15,16,2024-25,Regular Season
22024,1610612756,PHX,Phoenix Suns,22400977,3/16/2025,PHX @ LAL,L,240,96,35,89,0.393,9,41,0.22,17,21,0.81,14,37,51,25,4,4,14,27,-11,2024-25,Regular Season
22024,1610612756,PHX,Phoenix Suns,22400991,3/17/2025,PHX vs. TOR,W,240,129,47,92,0.511,20,39,0.513,15,15,1,12,42,54,34,7,4,10,21,40,2024-25,Regular Season
22024,1610612756,PHX,Phoenix Suns,22401007,3/19/2025,PHX vs. CHI,W,239,127,47,96,0.49,15,40,0.375,18,20,0.9,13,33,46,34,9,6,11,13,6,2024-25,Regular Season
22024,1610612756,PHX,Phoenix Suns,22401021,3/21/2025,PHX vs. CLE,W,240,123,48,92,0.522,19,42,0.452,8,8,1,12,34,46,33,6,3,13,16,11,2024-25,Regular Season
22024,1610612756,PHX,Phoenix Suns,22401043,3/24/2025,PHX vs. MIL,W,241,108,39,82,0.476,14,36,0.389,16,18,0.889,14,38,52,25,2,4,16,21,2,2024-25,Regular Season
22024,1610612756,PHX,Phoenix Suns,22401058,3/26/2025,PHX vs. BOS,L,239,102,36,87,0.414,13,41,0.317,17,21,0.81,11,27,38,22,7,3,13,18,-30,2024-25,Regular Season
22024,1610612756,PHX,Phoenix Suns,22401071,3/28/2025,PHX @ MIN,L,240,109,41,79,0.519,18,37,0.486,9,13,0.692,8,26,34,28,6,4,16,16,-15,2024-25,Regular Season
22024,1610612756,PHX,Phoenix Suns,22401088,3/30/2025,PHX vs. HOU,L,241,109,42,87,0.483,10,32,0.313,15,17,0.882,10,29,39,25,8,5,19,21,-39,2024-25,Regular Season
22024,1610612756,PHX,Phoenix Suns,22401101,4/1/2025,PHX @ MIL,L,241,123,44,92,0.478,18,45,0.4,17,21,0.81,15,18,33,26,6,0,13,19,-10,2024-25,Regular Season
22024,1610612756,PHX,Phoenix Suns,22401120,4/4/2025,PHX @ BOS,L,241,103,41,93,0.441,12,37,0.324,9,11,0.818,11,29,40,24,7,2,6,15,-20,2024-25,Regular Season
22024,1610612756,PHX,Phoenix Suns,22401140,4/6/2025,PHX @ NYK,L,239,98,39,92,0.424,4,34,0.118,16,19,0.842,15,20,35,20,11,3,12,22,-14,2024-25,Regular Season
22024,1610612756,PHX,Phoenix Suns,22401154,4/8/2025,PHX vs. GSW,L,241,95,35,88,0.398,12,43,0.279,13,15,0.867,13,28,41,22,12,4,19,19,-38,2024-25,Regular Season
22024,1610612756,PHX,Phoenix Suns,22401164,4/9/2025,PHX vs. OKC,L,240,112,42,87,0.483,15,42,0.357,13,19,0.684,9,29,38,31,10,3,13,17,-13,2024-25,Regular Season
22024,1610612756,PHX,Phoenix Suns,22401182,4/11/2025,PHX vs. SAS,W,240,117,44,95,0.463,19,47,0.404,10,11,0.909,13,39,52,27,9,10,11,9,19,2024-25,Regular Season
22024,1610612756,PHX,Phoenix Suns,22401200,4/13/2025,PHX @ SAC,L,241,98,40,84,0.476,15,44,0.341,3,6,0.5,9,28,37,28,6,1,11,9,-11,2024-25,Regular Season
22025,1610612756,PHX,Phoenix Suns,22500088,10/22/2025,PHX vs. SAC,W,240,120,45,95,0.474,10,34,0.294,20,28,0.714,18,33,51,23,7,7,15,25,4,2025-26,Regular Season
22025,1610612756,PHX,Phoenix Suns,22500099,10/24/2025,PHX @ LAC,L,241,102,37,90,0.411,16,47,0.34,12,15,0.8,15,22,37,23,12,4,18,25,-27,2025-26,Regular Season
22025,1610612756,PHX,Phoenix Suns,22500104,10/25/2025,PHX @ DEN,L,241,111,38,88,0.432,17,50,0.34,18,22,0.818,12,26,38,24,7,4,19,29,-22,2025-26,Regular Season
22025,1610612756,PHX,Phoenix Suns,22500120,10/27/2025,PHX @ UTA,L,264,134,45,106,0.425,20,55,0.364,24,31,0.774,18,30,48,37,13,8,14,29,-4,2025-26,Regular Season
22025,1610612756,PHX,Phoenix Suns,22500137,10/29/2025,PHX vs. MEM,L,240,113,41,86,0.477,16,40,0.4,15,17,0.882,8,32,40,25,11,4,20,20,-1,2025-26,Regular Season
22025,1610612756,PHX,Phoenix Suns,22500025,10/31/2025,PHX vs. UTA,W,239,118,43,91,0.473,17,48,0.354,15,18,0.833,8,36,44,30,10,6,9,25,22,2025-26,Regular Season
22025,1610612756,PHX,Phoenix Suns,22500154,11/2/2025,PHX vs. SAS,W,239,130,46,79,0.582,19,33,0.576,19,22,0.864,5,34,39,34,8,4,20,26,12,2025-26,Regular Season
22025,1610612756,PHX,Phoenix Suns,22500169,11/4/2025,PHX @ GSW,L,239,107,40,91,0.44,12,33,0.364,15,16,0.938,16,30,46,25,10,5,17,17,-11,2025-26,Regular Season
22025,1610612756,PHX,Phoenix Suns,22500182,11/6/2025,PHX vs. LAC,W,239,115,41,92,0.446,19,49,0.388,14,19,0.737,15,29,44,27,13,2,15,23,13,2025-26,Regular Season
22025,1610612756,PHX,Phoenix Suns,22500190,11/8/2025,PHX @ LAC,W,242,114,40,83,0.482,16,38,0.421,18,21,0.857,13,29,42,30,9,2,12,19,11,2025-26,Regular Season
22025,1610612756,PHX,Phoenix Suns,22500204,11/10/2025,PHX vs. NOP,W,240,121,39,78,0.5,19,43,0.442,24,31,0.774,10,33,43,29,12,7,18,18,23,2025-26,Regular Season
22025,1610612756,PHX,Phoenix Suns,22500221,11/12/2025,PHX @ DAL,W,241,123,44,95,0.463,14,35,0.4,21,26,0.808,13,33,46,31,13,3,12,20,9,2025-26,Regular Season
22025,1610612756,PHX,Phoenix Suns,22500226,11/13/2025,PHX vs. IND,W,239,133,49,85,0.576,13,35,0.371,22,27,0.815,10,33,43,19,6,6,11,24,35,2025-26,Regular Season
22025,1610612756,PHX,Phoenix Suns,22500239,11/16/2025,PHX vs. ATL,L,241,122,47,97,0.485,10,30,0.333,18,19,0.947,16,31,47,23,9,3,17,24,-2,2025-26,Regular Season
22025,1610612756,PHX,Phoenix Suns,22500254,11/18/2025,PHX @ POR,W,241,127,47,98,0.48,14,40,0.35,19,22,0.864,18,28,46,24,19,4,15,27,17,2025-26,Regular Season
22025,1610612756,PHX,Phoenix Suns,22500053,11/21/2025,PHX vs. MIN,W,240,114,39,81,0.481,14,31,0.452,22,29,0.759,15,30,45,25,13,2,27,29,1,2025-26,Regular Season
22025,1610612756,PHX,Phoenix Suns,22500281,11/23/2025,PHX vs. SAS,W,241,111,43,97,0.443,14,38,0.368,11,16,0.688,11,32,43,27,10,6,6,23,9,2025-26,Regular Season
22025,1610612756,PHX,Phoenix Suns,22500290,11/24/2025,PHX vs. HOU,L,241,92,33,80,0.413,13,37,0.351,13,19,0.684,13,26,39,11,9,4,21,20,-22,2025-26,Regular Season
22025,1610612756,PHX,Phoenix Suns,22500068,11/26/2025,PHX @ SAC,W,240,112,42,91,0.462,14,42,0.333,14,20,0.7,17,30,47,25,14,5,14,14,12,2025-26,Regular Season
22025,1610612756,PHX,Phoenix Suns,22500075,11/28/2025,PHX @ OKC,L,240,119,42,92,0.457,15,44,0.341,20,24,0.833,13,38,51,20,7,4,18,24,-4,2025-26,Regular Season
22025,1610612756,PHX,Phoenix Suns,22500299,11/29/2025,PHX vs. DEN,L,241,112,39,88,0.443,14,42,0.333,20,26,0.769,11,21,32,23,11,2,7,23,-18,2025-26,Regular Season
22025,1610612756,PHX,Phoenix Suns,22500317,12/1/2025,PHX @ LAL,W,240,125,52,92,0.565,17,39,0.436,4,8,0.5,4,29,33,35,16,1,11,16,17,2025-26,Regular Season
22025,1610612756,PHX,Phoenix Suns,22500346,12/5/2025,PHX @ HOU,L,239,98,39,100,0.39,5,36,0.139,15,19,0.789,15,19,34,14,12,2,13,22,-19,2025-26,Regular Season
22025,1610612756,PHX,Phoenix Suns,22500365,12/8/2025,PHX @ MIN,W,240,108,41,90,0.456,12,33,0.364,14,20,0.7,14,29,43,26,8,2,9,20,3,2025-26,Regular Season
22025,1610612756,PHX,Phoenix Suns,22501203,12/10/2025,PHX @ OKC,L,240,89,33,84,0.393,10,31,0.323,13,16,0.813,7,30,37,24,12,2,20,13,-49,2025-26,Regular Season
22025,1610612756,PHX,Phoenix Suns,22501228,12/14/2025,PHX vs. LAL,L,241,114,40,82,0.488,13,37,0.351,21,25,0.84,10,27,37,29,11,5,19,28,-2,2025-26,Regular Season
22025,1610612756,PHX,Phoenix Suns,22500378,12/18/2025,PHX vs. GSW,W,239,99,36,88,0.409,10,35,0.286,17,22,0.773,12,37,49,19,16,6,15,17,1,2025-26,Regular Season
22025,1610612756,PHX,Phoenix Suns,22500392,12/20/2025,PHX @ GSW,L,241,116,42,88,0.477,12,35,0.343,20,24,0.833,9,25,34,23,12,6,14,24,-3,2025-26,Regular Season
22025,1610612756,PHX,Phoenix Suns,22500418,12/23/2025,PHX vs. LAL,W,240,132,50,85,0.588,14,34,0.412,18,20,0.9,12,26,38,35,10,6,13,24,24,2025-26,Regular Season
22025,1610612756,PHX,Phoenix Suns,22500429,12/26/2025,PHX @ NOP,W,240,115,44,91,0.484,8,40,0.2,19,25,0.76,16,36,52,26,9,4,17,27,7,2025-26,Regular Season
22025,1610612756,PHX,Phoenix Suns,22500434,12/27/2025,PHX @ NOP,W,240,123,45,98,0.459,20,44,0.455,13,19,0.684,22,33,55,26,7,3,16,23,9,2025-26,Regular Season
22025,1610612756,PHX,Phoenix Suns,22500448,12/29/2025,PHX @ WAS,W,242,115,41,101,0.406,17,40,0.425,16,18,0.889,20,31,51,25,8,3,10,14,14,2025-26,Regular Season
22025,1610612756,PHX,Phoenix Suns,22500465,12/31/2025,PHX @ CLE,L,240,113,42,105,0.4,15,36,0.417,14,16,0.875,19,33,52,23,8,5,13,20,-16,2025-26,Regular Season
22025,1610612756,PHX,Phoenix Suns,22500483,1/2/2026,PHX vs. SAC,W,240,129,49,87,0.563,8,31,0.258,23,28,0.821,7,35,42,23,16,9,12,23,27,2025-26,Regular Season
22025,1610612756,PHX,Phoenix Suns,22500499,1/4/2026,PHX vs. OKC,W,241,108,35,79,0.443,17,43,0.395,21,29,0.724,12,37,49,21,2,1,15,23,3,2025-26,Regular Season
22025,1610612756,PHX,Phoenix Suns,22500505,1/5/2026,PHX @ HOU,L,240,97,37,88,0.42,14,41,0.341,9,12,0.75,11,29,40,23,11,0,10,14,-3,2025-26,Regular Season
22025,1610612756,PHX,Phoenix Suns,22500524,1/7/2026,PHX @ MEM,W,241,117,45,97,0.464,22,56,0.393,5,8,0.625,15,36,51,31,11,5,16,17,19,2025-26,Regular Season
22025,1610612756,PHX,Phoenix Suns,22500538,1/9/2026,PHX vs. NYK,W,241,112,38,85,0.447,16,42,0.381,20,23,0.87,9,28,37,23,4,4,9,21,5,2025-26,Regular Season
22025,1610612756,PHX,Phoenix Suns,22500555,1/11/2026,PHX vs. WAS,W,239,112,40,95,0.421,17,52,0.327,15,19,0.789,15,36,51,32,11,7,14,19,19,2025-26,Regular Season
22025,1610612756,PHX,Phoenix Suns,22500564,1/13/2026,PHX @ MIA,L,239,121,44,102,0.431,14,48,0.292,19,20,0.95,18,30,48,22,10,1,12,22,-5.8,2025-26,Regular Season
22025,1610612756,PHX,Phoenix Suns,22500579,1/15/2026,PHX @ DET,L,240,105,36,87,0.414,17,46,0.37,16,25,0.64,9,32,41,21,14,9,13,25,-3,2025-26,Regular Season
22025,1610612756,PHX,Phoenix Suns,22500596,1/17/2026,PHX @ NYK,W,239,106,34,82,0.415,15,42,0.357,23,27,0.852,13,24,37,22,9,2,12,20,7,2025-26,Regular Season
22025,1610612756,PHX,Phoenix Suns,22500610,1/19/2026,PHX @ BKN,W,240,126,44,77,0.571,20,39,0.513,18,23,0.783,7,28,35,29,4,4,12,17,9,2025-26,Regular Season
22025,1610612756,PHX,Phoenix Suns,22500613,1/20/2026,PHX @ PHI,W,241,116,40,92,0.435,16,39,0.41,20,20,1,15,27,42,25,5,2,22,21,6,2025-26,Regular Season
22025,1610612756,PHX,Phoenix Suns,22500636,1/23/2026,PHX @ ATL,L,240,103,42,95,0.442,11,34,0.324,8,9,0.889,11,31,42,24,15,3,12,12,-7,2025-26,Regular Season
22025,1610612756,PHX,Phoenix Suns,22500655,1/25/2026,PHX vs. MIA,L,241,102,37,100,0.37,7,35,0.2,21,26,0.808,21,35,56,14,6,7,10,24,-9,2025-26,Regular Season
22025,1610612756,PHX,Phoenix Suns,22500669,1/27/2026,PHX vs. BKN,W,239,106,43,77,0.558,5,20,0.25,15,20,0.75,10,22,32,22,12,5,15,18,4,2025-26,Regular Season
22025,1610612756,PHX,Phoenix Suns,22500685,1/29/2026,PHX vs. DET,W,239,114,37,79,0.468,16,42,0.381,24,29,0.828,11,36,47,22,8,3,15,23,18,2025-26,Regular Season
22025,1610612756,PHX,Phoenix Suns,22500693,1/30/2026,PHX vs. CLE,W,240,126,45,85,0.529,23,48,0.479,13,18,0.722,9,34,43,31,15,5,20,19,13,2025-26,Regular Season
22025,1610612756,PHX,Phoenix Suns,22500709,2/1/2026,PHX vs. LAC,L,240,93,31,93,0.333,19,46,0.413,12,18,0.667,10,25,35,21,7,4,4,26,-24,2025-26,Regular Season
22025,1610612756,PHX,Phoenix Suns,22500725,2/3/2026,PHX @ POR,W,239,130,50,97,0.515,20,41,0.488,10,15,0.667,18,27,45,26,13,2,11,19,5,2025-26,Regular Season
22025,1610612756,PHX,Phoenix Suns,22500739,2/5/2026,PHX vs. GSW,L,240,97,38,82,0.463,16,43,0.372,5,6,0.833,6,31,37,22,10,1,12,15,-4,2025-26,Regular Season
22025,1610612756,PHX,Phoenix Suns,22500754,2/7/2026,PHX vs. PHI,L,241,103,33,83,0.398,11,46,0.239,26,31,0.839,12,28,40,22,8,0,12,23,-6,2025-26,Regular Season
22025,1610612756,PHX,Phoenix Suns,22500773,2/10/2026,PHX vs. DAL,W,240,120,49,102,0.48,16,50,0.32,6,9,0.667,18,31,49,32,8,3,13,27,9,2025-26,Regular Season
22025,1610612756,PHX,Phoenix Suns,22500785,2/11/2026,PHX vs. OKC,L,242,109,43,92,0.467,15,42,0.357,8,13,0.615,15,28,43,26,4,5,10,12,-27,2025-26,Regular Season
22025,1610612756,PHX,Phoenix Suns,22500798,2/19/2026,PHX @ SAS,L,242,94,39,105,0.371,12,42,0.286,4,6,0.667,19,27,46,22,7,5,11,16,-27,2025-26,Regular Season
22025,1610612756,PHX,Phoenix Suns,22500811,2/21/2026,PHX vs. ORL,W,290,113,40,117,0.342,16,55,0.291,17,24,0.708,22,43,65,20,11,4,8,20,3,2025-26,Regular Season
22025,1610612756,PHX,Phoenix Suns,22500826,2/22/2026,PHX vs. POR,L,239,77,31,85,0.365,9,35,0.257,6,6,1,13,28,41,16,14,3,19,16,-15,2025-26,Regular Season
22025,1610612756,PHX,Phoenix Suns,22500839,2/24/2026,PHX vs. BOS,L,240,81,29,79,0.367,12,36,0.333,11,13,0.846,9,25,34,18,4,5,8,16,-16,2025-26,Regular Season
22025,1610612756,PHX,Phoenix Suns,22500855,2/26/2026,PHX vs. LAL,W,239,113,40,87,0.46,22,50,0.44,11,14,0.786,15,26,41,22,9,5,12,23,3,2025-26,Regular Season
